Generation: 0
[1.81510799 1.94960701 8.90666515 3.42053527 0.14530497 4.81051686
 3.4725068  7.45226332 4.30209598 8.60647736 1.39262268 1.
 1.         1.         1.         1.         1.         1.
 1.         1.         1.         1.         1.         1.
 1.         1.        ]
All non-zero Features: [  227   967  1317  2680  3569  4754  4843  5143  6297  6796  7539  8376
 10616 11482 11792]

Generation: 1
[0.82649454 2.77398612 4.48455831 2.85528751 0.27390987 3.63165519
 2.26103317 8.20692962 1.64873241 5.37305489 1.28749781 1.
 1.         1.         1.         1.         1.         1.
 1.         1.         1.         1.         1.         1.        ]
All non-zero Features: [ 2319  3649  4754  4843  5143  6186  6297  6796  7539 10395 10502 12608
 13147]

Generation: 2
[0.82649454 2.77398612 4.48455831 2.85528751 0.27390987 3.63165519
 2.26103317 8.20692962 1.64873241 5.37305489 1.28749781 1.
 1.         1.         1.         1.         1.         1.
 1.         1.         1.         1.         1.         1.        ]
All non-zero Features: [ 2319  3649  4754  4843  5143  6186  6297  6796  7539 10395 10502 12608
 13147]

Generation: 3
[1.81510799 1.94960701 8.90666515 3.42053527 0.14530497 4.81051686
 3.4725068  7.45226332 4.30209598 6.16102486 1.39262268 1.
 1.         1.         1.         1.         1.         1.
 1.         1.         1.         1.         1.         1.
 1.        ]
All non-zero Features: [  227   967  1317  2680  3569  4754  4843  5143  8197  8459  9420 11482
 11792 12348]

Generation: 4
[1.81510799 1.94960701 8.90666515 3.42053527 0.14530497 4.81051686
 3.4725068  7.45226332 4.30209598 6.16102486 1.39262268 1.
 1.         1.         1.         1.         1.         1.
 1.         1.         1.         1.         1.         1.
 1.        ]
All non-zero Features: [  227   967  1317  2680  3569  4754  4843  5143  8197  8459  9420 11482
 11792 12348]

Generation: 5
[1.81510799 1.94960701 8.90666515 3.42053527 0.14530497 4.81051686
 3.4725068  7.45226332 4.30209598 6.16102486 1.39262268 1.
 1.         1.         1.         1.         1.         1.
 1.         1.         1.         1.         1.         1.
 1.        ]
All non-zero Features: [  227   967  1317  2680  3569  4754  4843  5143  8197  8459  9420 11482
 11792 12348]

Generation: 6
[1.81510799 1.94960701 8.90666515 3.42053527 0.14530497 4.81051686
 3.4725068  7.45226332 4.30209598 6.16102486 1.39262268 1.
 1.         1.         1.         1.         1.         1.
 1.         1.         1.         1.         1.         1.
 1.        ]
All non-zero Features: [  227   967  1317  2680  3569  4754  4843  5143  8197  8459  9420 11482
 11792 12348]

Generation: 7
[1.81510799 1.94960701 8.90666515 3.42053527 0.14530497 4.81051686
 3.4725068  7.45226332 4.30209598 6.16102486 1.39262268 1.
 1.         1.         1.         1.         1.         1.
 1.         1.         1.         1.         1.         1.
 1.        ]
All non-zero Features: [  227   967  1317  2680  3569  4754  4843  5143  8197  8459  9420 11482
 11792 12348]

Generation: 8
[1.81510799 1.94960701 8.90666515 3.42053527 0.14530497 4.81051686
 3.4725068  7.45226332 4.30209598 6.16102486 1.39262268 1.
 1.         1.         1.         1.         1.         1.
 1.         1.         1.         1.         1.         1.
 1.        ]
All non-zero Features: [  227   967  1317  2680  3569  4754  4843  5143  8197  8459  9420 11482
 11792 12348]

Generation: 9
[1.81510799 1.94960701 8.90666515 3.42053527 0.14530497 4.81051686
 3.4725068  7.45226332 4.30209598 6.16102486 1.39262268 1.
 1.         1.         1.         1.         1.         1.
 1.         1.         1.         1.         1.         1.
 1.        ]
All non-zero Features: [  227   967  1317  2680  3569  4754  4843  5143  8197  8459  9420 11482
 11792 12348]

Generation: 10
[1.81510799 1.94960701 8.90666515 3.42053527 0.14530497 4.81051686
 3.4725068  7.45226332 4.30209598 6.16102486 1.39262268 1.
 1.         1.         1.         1.         1.         1.
 1.         1.         1.         1.         1.         1.
 1.        ]
All non-zero Features: [  227   967  1317  2680  3569  4754  4843  5143  8197  8459  9420 11482
 11792 12348]

Generation: 11
[1.81510799 1.94960701 9.07956535 3.42053527 0.14453715 4.81051686
 3.4725068  7.45226332 4.30209598 6.16102486 1.39262268 1.
 1.         1.         1.         1.         1.         1.
 1.         1.         1.         1.         1.        ]
All non-zero Features: [  227   967  2680  4754  4843  5143  8197  8459  9420 11482 11792 12348]

Generation: 12
[ 1.81510799  1.94960701  8.90666515 24.93199579  0.15331462  4.81051686
  3.4725068   7.45226332  4.30209598  6.16102486  1.39262268  1.
  1.          1.          1.          1.          1.          1.
  1.          1.          1.          1.          1.          1.
  1.          1.          1.          1.          1.          1.
  1.          1.          1.          1.          1.          1.
  1.          1.          1.          1.          1.        ]
All non-zero Features: [  132   431   716   967  2178  2678  2738  2804  3892  4110  4404  4754
  4843  5031  5143  5287  6190  6352  6703  7640  7974  8529  8654  9098
  9420 11482 12348 12524 12807 12941]

Generation: 13
[ 2.27684018  2.98198463  5.42913984 13.85358634  0.09747861  4.57270586
  6.90489769  2.19948957  0.84038396  1.31438891  2.96074227  1.        ]
All non-zero Features: [2649]

Generation: 14
[1.81510799 1.94960701 8.90666515 3.42053527 0.14530497 4.81051686
 4.06196811 7.45226332 4.30209598 6.16102486 1.39262268 1.
 1.         1.         1.         1.         1.         1.        ]
All non-zero Features: [  967  3957  4843  7674  8392  8831 11792]

Generation: 15
[1.81510799 1.94960701 8.90666515 3.42053527 0.14530497 4.81051686
 4.06196811 7.45226332 4.30209598 6.16102486 1.39262268 1.
 1.         1.         1.         1.         1.         1.        ]
All non-zero Features: [  967  3957  4843  7674  8392  8831 11792]

Generation: 16
[1.81510799 1.94960701 8.90666515 3.42053527 0.14530497 4.81051686
 4.06196811 7.45226332 4.30209598 6.16102486 1.39262268 1.
 1.         1.         1.         1.         1.         1.        ]
All non-zero Features: [  967  3957  4843  7674  8392  8831 11792]

Generation: 17
[1.81510799 1.94960701 8.90666515 3.42053527 0.14530497 4.81051686
 4.06196811 7.45226332 4.30209598 6.16102486 1.39262268 1.
 1.         1.         1.         1.         1.         1.        ]
All non-zero Features: [  967  3957  4843  7674  8392  8831 11792]

Generation: 18
[1.81510799 1.94960701 8.90666515 3.42053527 0.14530497 4.81051686
 4.06196811 7.45226332 4.30209598 6.16102486 1.39262268 1.
 1.         1.         1.         1.         1.         1.        ]
All non-zero Features: [  967  3957  4843  7674  8392  8831 11792]

Generation: 19
[1.81510799 1.94960701 8.90666515 3.42053527 0.14530497 4.81051686
 4.06196811 7.45226332 4.30209598 6.16102486 1.39262268 1.
 1.         1.         1.         1.         1.         1.        ]
All non-zero Features: [  967  3957  4843  7674  8392  8831 11792]

Generation: 20
[ 2.27684018  2.98198463  5.42913984 13.85358634  0.12666883  4.57270586
  6.58747962  2.19948957  0.84038396  0.          2.96074227  1.        ]
All non-zero Features: [12368]

Generation: 21
[ 2.27684018  2.98198463  5.42913984 13.85358634  0.12666883  4.57270586
  6.58747962  2.19948957  0.84038396  0.          2.96074227  1.        ]
All non-zero Features: [12368]

Generation: 22
[ 2.27684018  2.98198463  5.42913984 13.85358634  0.12666883  4.57270586
  6.58747962  2.19948957  0.84038396  0.          2.96074227  1.        ]
All non-zero Features: [12368]

Generation: 23
[ 2.27684018  2.98198463  5.42913984 13.85358634  0.12666883  4.57270586
  6.58747962  2.19948957  0.84038396  0.          2.96074227  1.        ]
All non-zero Features: [12368]

