Pareto: 1 
 [0.90909091 0.65294118 1.         0.62899922 0.64174349 0.63995912
 0.64899056 0.65294118 0.71519481 0.63272727]

Pareto: 2 
 [0.90909091 0.60653595 1.         0.42740513 0.52962901 0.54498221
 0.53725724 0.60653595 0.66051948 0.50857143]

Pareto: 3 
 [0.83333333 0.60653595 1.         0.         0.4580272  0.53689093
 0.36796958 0.60653595 0.64571429 0.5       ]

Pareto: 4 
 [0.71428571 0.60653595 1.         0.         0.4580272  0.53689093
 0.36796958 0.60653595 0.5        0.5       ]

Pareto: 5 
 [0.58823529 0.60653595 1.         0.         0.4580272  0.53689093
 0.36796958 0.60653595 0.5        0.5       ]

Pareto: 6 
 [0.55555556 0.60653595 1.         0.         0.4580272  0.53689093
 0.36796958 0.60653595 0.5        0.5       ]

Pareto: 7 
 [0.43478261 0.60653595 1.         0.         0.4580272  0.53689093
 0.36796958 0.60653595 0.5        0.5       ]

Pareto: 8 
 [0.41666667 0.60653595 1.         0.         0.4580272  0.53689093
 0.36796958 0.60653595 0.5        0.5       ]

Pareto: 9 
 [0.35714286 0.60653595 1.         0.         0.4580272  0.53689093
 0.36796958 0.60653595 0.5        0.5       ]

Pareto: 10 
 [0.32258065 0.60653595 1.         0.         0.4580272  0.53689093
 0.36796958 0.60653595 0.5        0.5       ]

Pareto: 11 
 [0.3030303  0.60653595 1.         0.         0.4580272  0.53689093
 0.36796958 0.60653595 0.5        0.5       ]

Pareto: 12 
 [0.28571429 0.60653595 1.         0.         0.4580272  0.53689093
 0.36796958 0.60653595 0.5        0.5       ]

Pareto: 13 
 [0.27777778 0.60653595 1.         0.         0.4580272  0.53689093
 0.36796958 0.60653595 0.5        0.5       ]

Pareto: 14 
 [0.27027027 0.60653595 1.         0.         0.4580272  0.53689093
 0.36796958 0.60653595 0.5        0.5       ]

Pareto: 15 
 [0.25       0.57124183 0.99354839 0.         0.43950868 0.50994448
 0.35758896 0.57124183 0.47       0.47      ]

Pareto: 16 
 [0. 0. 0. 0. 0. 0. 0. 0. 0. 0.]

Pareto: 1 
 [0.90909091 0.74183007 1.         0.70487136 0.73559594 0.73647641
 0.76108932 0.74183007 0.74753247 0.72155844]

Pareto: 2 
 [0.83333333 0.63986928 1.         0.32920259 0.56406002 0.60306282
 0.57496369 0.63986928 0.64805195 0.56701299]

Pareto: 3 
 [0.83333333 0.60653595 1.         0.0789542  0.4580272  0.53689093
 0.37772267 0.60653595 0.5        0.5       ]

Pareto: 4 
 [0.76923077 0.60653595 1.         0.         0.4580272  0.53689093
 0.36796958 0.60653595 0.5        0.5       ]

Pareto: 5 
 [0.625      0.60653595 1.         0.         0.4580272  0.53689093
 0.36796958 0.60653595 0.5        0.5       ]

Pareto: 6 
 [0.55555556 0.60653595 1.         0.         0.4580272  0.53689093
 0.36796958 0.60653595 0.5        0.5       ]

Pareto: 7 
 [0.55555556 0.60653595 1.         0.         0.4580272  0.53689093
 0.36796958 0.60653595 0.5        0.5       ]

Pareto: 8 
 [0.52631579 0.60653595 1.         0.         0.4580272  0.53689093
 0.36796958 0.60653595 0.5        0.5       ]

Pareto: 9 
 [0.4        0.60653595 1.         0.         0.4580272  0.53689093
 0.36796958 0.60653595 0.5        0.5       ]

Pareto: 10 
 [0.32258065 0.60653595 1.         0.         0.4580272  0.53689093
 0.36796958 0.60653595 0.5        0.5       ]

Pareto: 11 
 [0.3125     0.60653595 1.         0.         0.4580272  0.53689093
 0.36796958 0.60653595 0.5        0.5       ]

Pareto: 12 
 [0.27777778 0.60653595 1.         0.         0.4580272  0.53689093
 0.36796958 0.60653595 0.5        0.5       ]

Pareto: 13 
 [0.27027027 0.60653595 1.         0.         0.4580272  0.53689093
 0.36796958 0.60653595 0.5        0.5       ]

Pareto: 14 
 [0. 0. 0. 0. 0. 0. 0. 0. 0. 0.]

Pareto: 1 
 [0.90909091 0.73921569 1.         0.70611106 0.73390459 0.73616638
 0.73697461 0.73921569 0.73038961 0.72064935]

Pareto: 2 
 [0.83333333 0.60653595 1.         0.26787824 0.5063342  0.55199971
 0.5240717  0.60653595 0.7174026  0.51168831]

Pareto: 3 
 [0.83333333 0.60653595 1.         0.26787824 0.49369014 0.54112241
 0.44014062 0.60653595 0.70948052 0.50935065]

Pareto: 4 
 [0.71428571 0.60653595 1.         0.         0.4580272  0.53689093
 0.36796958 0.60653595 0.62350649 0.5       ]

Pareto: 5 
 [0.55555556 0.60653595 1.         0.         0.4580272  0.53689093
 0.36796958 0.60653595 0.5        0.5       ]

Pareto: 6 
 [0.52631579 0.60653595 1.         0.         0.4580272  0.53689093
 0.36796958 0.60653595 0.5        0.5       ]

Pareto: 7 
 [0.5        0.60653595 1.         0.         0.4580272  0.53689093
 0.36796958 0.60653595 0.5        0.5       ]

Pareto: 8 
 [0.45454545 0.60653595 1.         0.         0.4580272  0.53689093
 0.36796958 0.60653595 0.5        0.5       ]

Pareto: 9 
 [0.34482759 0.60653595 1.         0.         0.4580272  0.53689093
 0.36796958 0.60653595 0.5        0.5       ]

Pareto: 10 
 [0.3030303  0.60653595 1.         0.         0.4580272  0.53689093
 0.36796958 0.60653595 0.5        0.5       ]

Pareto: 11 
 [0.28571429 0.60653595 1.         0.         0.4580272  0.53689093
 0.36796958 0.60653595 0.5        0.5       ]

Pareto: 12 
 [0.27027027 0.60653595 1.         0.         0.4580272  0.53689093
 0.36796958 0.60653595 0.5        0.5       ]

Pareto: 13 
 [0.26315789 0.60653595 1.         0.         0.4580272  0.53689093
 0.36796958 0.60653595 0.5        0.5       ]

Pareto: 14 
 [0.25       0.60653595 1.         0.         0.4580272  0.53689093
 0.36796958 0.60653595 0.5        0.5       ]

Pareto: 15 
 [0.25       0.60653595 1.         0.         0.4580272  0.53689093
 0.36796958 0.60653595 0.5        0.5       ]

Pareto: 16 
 [0.22727273 0.60653595 1.         0.         0.4580272  0.53689093
 0.36796958 0.60653595 0.5        0.5       ]

Pareto: 1 
 [0.90909091 0.74052288 1.         0.71254317 0.73692006 0.73856348
 0.73802832 0.74052288 0.73116883 0.72155844]

Pareto: 2 
 [0.83333333 0.74052288 1.         0.71254317 0.73692006 0.73856348
 0.73802832 0.74052288 0.70493506 0.72155844]

Pareto: 3 
 [0.76923077 0.60653595 1.         0.         0.4580272  0.53689093
 0.36796958 0.60653595 0.62831169 0.5       ]

Pareto: 4 
 [0.71428571 0.60653595 1.         0.         0.4580272  0.53689093
 0.36796958 0.60653595 0.51688312 0.5       ]

Pareto: 5 
 [0.625      0.60653595 1.         0.         0.4580272  0.53689093
 0.36796958 0.60653595 0.5        0.5       ]

Pareto: 6 
 [0.58823529 0.60653595 1.         0.         0.4580272  0.53689093
 0.36796958 0.60653595 0.5        0.5       ]

Pareto: 7 
 [0.55555556 0.60653595 1.         0.         0.4580272  0.53689093
 0.36796958 0.60653595 0.5        0.5       ]

Pareto: 8 
 [0.5        0.60653595 1.         0.         0.4580272  0.53689093
 0.36796958 0.60653595 0.5        0.5       ]

Pareto: 9 
 [0.47619048 0.60653595 1.         0.         0.4580272  0.53689093
 0.36796958 0.60653595 0.5        0.5       ]

Pareto: 10 
 [0.4        0.60653595 1.         0.         0.4580272  0.53689093
 0.36796958 0.60653595 0.5        0.5       ]

Pareto: 11 
 [0.38461538 0.60653595 1.         0.         0.4580272  0.53689093
 0.36796958 0.60653595 0.5        0.5       ]

Pareto: 12 
 [0.33333333 0.60653595 1.         0.         0.4580272  0.53689093
 0.36796958 0.60653595 0.5        0.5       ]

Pareto: 13 
 [0.28571429 0.60653595 1.         0.         0.4580272  0.53689093
 0.36796958 0.60653595 0.5        0.5       ]

Pareto: 14 
 [0.25641026 0.60653595 1.         0.         0.4580272  0.53689093
 0.36796958 0.60653595 0.5        0.5       ]

Pareto: 15 
 [0.25       0.60653595 1.         0.         0.4580272  0.53689093
 0.36796958 0.60653595 0.5        0.5       ]

Pareto: 16 
 [0.25       0.60653595 1.         0.         0.4580272  0.53689093
 0.36796958 0.60653595 0.5        0.5       ]

Pareto: 17 
 [0.23809524 0.60653595 1.         0.         0.4580272  0.53689093
 0.36796958 0.60653595 0.5        0.5       ]

Pareto: 18 
 [0.23255814 0.60653595 1.         0.         0.4580272  0.53689093
 0.36796958 0.60653595 0.5        0.5       ]

Pareto: 19 
 [0.20408163 0.60653595 1.         0.         0.4580272  0.53689093
 0.36796958 0.60653595 0.5        0.5       ]

Pareto: 20 
 [0. 0. 0. 0. 0. 0. 0. 0. 0. 0.]

Pareto: 1 
 [0.90909091 0.74117647 1.         0.71197089 0.73787937 0.73906107
 0.74180577 0.74117647 0.76987013 0.72064935]

Pareto: 2 
 [0.90909091 0.63986928 1.         0.24326886 0.54334416 0.59371213
 0.49550384 0.63986928 0.75298701 0.55844156]

Pareto: 3 
 [0.90909091 0.60653595 1.         0.08280787 0.46344748 0.53689093
 0.39038754 0.60653595 0.52493506 0.5       ]

Pareto: 4 
 [0.66666667 0.60653595 1.         0.         0.4580272  0.53689093
 0.36796958 0.60653595 0.50285714 0.5       ]

Pareto: 5 
 [0.55555556 0.60653595 1.         0.         0.4580272  0.53689093
 0.36796958 0.60653595 0.50285714 0.5       ]

Pareto: 6 
 [0.52631579 0.60653595 1.         0.         0.4580272  0.53689093
 0.36796958 0.60653595 0.5        0.5       ]

Pareto: 7 
 [0.41666667 0.60653595 1.         0.         0.4580272  0.53689093
 0.36796958 0.60653595 0.5        0.5       ]

Pareto: 8 
 [0.41666667 0.60653595 1.         0.         0.4580272  0.53689093
 0.36796958 0.60653595 0.5        0.5       ]

Pareto: 9 
 [0.3030303  0.60653595 1.         0.         0.4580272  0.53689093
 0.36796958 0.60653595 0.5        0.5       ]

Pareto: 10 
 [0.27027027 0.60653595 1.         0.         0.4580272  0.53689093
 0.36796958 0.60653595 0.5        0.5       ]

Pareto: 11 
 [0.23255814 0.39346405 1.         0.         0.22226144 0.30076726
 0.15489769 0.39346405 0.5        0.5       ]

Pareto: 1 
 [0.90909091 0.74183007 1.         0.71355325 0.73872478 0.73950756
 0.74563474 0.74183007 0.75844156 0.72246753]

Pareto: 2 
 [0.83333333 0.74183007 1.         0.71355325 0.73872478 0.73950756
 0.74563474 0.74183007 0.71467532 0.72246753]

Pareto: 3 
 [0.76923077 0.62875817 1.         0.53877917 0.59078431 0.59724651
 0.60847886 0.62875817 0.62012987 0.58220779]

Pareto: 4 
 [0.71428571 0.60653595 1.         0.         0.4580272  0.53689093
 0.36796958 0.60653595 0.5        0.5       ]

Pareto: 5 
 [0.625      0.60653595 1.         0.         0.4580272  0.53689093
 0.36796958 0.60653595 0.5        0.5       ]

Pareto: 6 
 [0.58823529 0.60653595 1.         0.         0.4580272  0.53689093
 0.36796958 0.60653595 0.5        0.5       ]

Pareto: 7 
 [0.52631579 0.60653595 1.         0.         0.4580272  0.53689093
 0.36796958 0.60653595 0.5        0.5       ]

Pareto: 8 
 [0.38461538 0.60653595 1.         0.         0.4580272  0.53689093
 0.36796958 0.60653595 0.5        0.5       ]

Pareto: 9 
 [0.3030303  0.60653595 1.         0.         0.4580272  0.53689093
 0.36796958 0.60653595 0.5        0.5       ]

Pareto: 10 
 [0.29411765 0.60653595 1.         0.         0.4580272  0.53689093
 0.36796958 0.60653595 0.5        0.5       ]

Pareto: 11 
 [0.28571429 0.60653595 1.         0.         0.4580272  0.53689093
 0.36796958 0.60653595 0.5        0.5       ]

Pareto: 12 
 [0.27777778 0.60653595 1.         0.         0.4580272  0.53689093
 0.36796958 0.60653595 0.5        0.5       ]

Pareto: 13 
 [0.27027027 0.60653595 1.         0.         0.4580272  0.53689093
 0.36796958 0.60653595 0.5        0.5       ]

Pareto: 14 
 [0.26315789 0.60653595 1.         0.         0.4580272  0.53689093
 0.36796958 0.60653595 0.5        0.5       ]

Pareto: 15 
 [0.23809524 0.60653595 1.         0.         0.4580272  0.53689093
 0.36796958 0.60653595 0.5        0.5       ]

Pareto: 16 
 [0. 0. 0. 0. 0. 0. 0. 0. 0. 0.]

Pareto: 1 
 [0.90909091 0.74248366 1.         0.7143411  0.73971476 0.74055696
 0.74436419 0.74248366 0.73974026 0.72246753]

Pareto: 2 
 [0.90909091 0.6745098  1.         0.63421285 0.66788845 0.66972152
 0.68117563 0.6745098  0.65233766 0.65233766]

Pareto: 3 
 [0.83333333 0.60653595 1.         0.         0.4580272  0.53689093
 0.36796958 0.60653595 0.50779221 0.5       ]

Pareto: 4 
 [0.76923077 0.60653595 1.         0.         0.4580272  0.53689093
 0.36796958 0.60653595 0.50649351 0.5       ]

Pareto: 5 
 [0.625      0.60653595 1.         0.         0.4580272  0.53689093
 0.36796958 0.60653595 0.5        0.5       ]

Pareto: 6 
 [0.58823529 0.60653595 1.         0.         0.4580272  0.53689093
 0.36796958 0.60653595 0.5        0.5       ]

Pareto: 7 
 [0.55555556 0.60653595 1.         0.         0.4580272  0.53689093
 0.36796958 0.60653595 0.5        0.5       ]

Pareto: 8 
 [0.4        0.60653595 1.         0.         0.4580272  0.53689093
 0.36796958 0.60653595 0.5        0.5       ]

Pareto: 9 
 [0.37037037 0.60653595 1.         0.         0.4580272  0.53689093
 0.36796958 0.60653595 0.5        0.5       ]

Pareto: 10 
 [0.35714286 0.60653595 1.         0.         0.4580272  0.53689093
 0.36796958 0.60653595 0.5        0.5       ]

Pareto: 11 
 [0.33333333 0.60653595 1.         0.         0.4580272  0.53689093
 0.36796958 0.60653595 0.5        0.5       ]

Pareto: 12 
 [0.32258065 0.60653595 1.         0.         0.4580272  0.53689093
 0.36796958 0.60653595 0.5        0.5       ]

Pareto: 13 
 [0.27027027 0.60653595 1.         0.         0.4580272  0.53689093
 0.36796958 0.60653595 0.5        0.5       ]

Pareto: 14 
 [0.25641026 0.60653595 1.         0.         0.4580272  0.53689093
 0.36796958 0.60653595 0.5        0.5       ]

Pareto: 15 
 [0.22727273 0.60653595 1.         0.         0.4580272  0.53689093
 0.36796958 0.60653595 0.5        0.5       ]

Pareto: 16 
 [0.22222222 0.60653595 1.         0.         0.4580272  0.53689093
 0.36796958 0.60653595 0.5        0.5       ]

Pareto: 17 
 [0.2        0.60653595 1.         0.         0.4580272  0.53689093
 0.36796958 0.60653595 0.5        0.5       ]

Pareto: 18 
 [0. 0. 0. 0. 0. 0. 0. 0. 0. 0.]

Pareto: 1 
 [0.90909091 0.74183007 1.         0.71251367 0.7384716  0.73898655
 0.7493337  0.74183007 0.74363636 0.72246753]

Pareto: 2 
 [0.90909091 0.70849673 1.         0.65145083 0.69858289 0.70216642
 0.74393091 0.70849673 0.67181818 0.67441558]

Pareto: 3 
 [0.71428571 0.60653595 1.         0.25367721 0.46499863 0.53689093
 0.43261801 0.60653595 0.60090909 0.5       ]

Pareto: 4 
 [0.66666667 0.60653595 1.         0.         0.4580272  0.53689093
 0.36796958 0.60653595 0.5        0.5       ]

Pareto: 5 
 [0.625      0.60653595 1.         0.         0.4580272  0.53689093
 0.36796958 0.60653595 0.5        0.5       ]

Pareto: 6 
 [0.58823529 0.60653595 1.         0.         0.4580272  0.53689093
 0.36796958 0.60653595 0.5        0.5       ]

Pareto: 7 
 [0.43478261 0.60653595 1.         0.         0.4580272  0.53689093
 0.36796958 0.60653595 0.5        0.5       ]

Pareto: 8 
 [0.37037037 0.60653595 1.         0.         0.4580272  0.53689093
 0.36796958 0.60653595 0.5        0.5       ]

Pareto: 9 
 [0.34482759 0.60653595 1.         0.         0.4580272  0.53689093
 0.36796958 0.60653595 0.5        0.5       ]

Pareto: 10 
 [0.3125     0.60653595 1.         0.         0.4580272  0.53689093
 0.36796958 0.60653595 0.5        0.5       ]

Pareto: 11 
 [0.3030303  0.60653595 1.         0.         0.4580272  0.53689093
 0.36796958 0.60653595 0.5        0.5       ]

Pareto: 12 
 [0.29411765 0.60653595 1.         0.         0.4580272  0.53689093
 0.36796958 0.60653595 0.5        0.5       ]

Pareto: 13 
 [0.28571429 0.60653595 1.         0.         0.4580272  0.53689093
 0.36796958 0.60653595 0.5        0.5       ]

Pareto: 14 
 [0.25       0.60653595 1.         0.         0.4580272  0.53689093
 0.36796958 0.60653595 0.5        0.5       ]

Pareto: 15 
 [0.23809524 0.60653595 1.         0.         0.4580272  0.53689093
 0.36796958 0.60653595 0.5        0.5       ]

Pareto: 16 
 [0.22222222 0.60653595 1.         0.         0.4580272  0.53689093
 0.36796958 0.60653595 0.5        0.5       ]

Pareto: 1 
 [0.90909091 0.74183007 1.         0.71376801 0.7387469  0.74000281
 0.74115468 0.74183007 0.74675325 0.72246753]

Pareto: 2 
 [0.90909091 0.73071895 1.         0.68571141 0.72339337 0.72626957
 0.73123405 0.73071895 0.72246753 0.70298701]

Pareto: 3 
 [0.83333333 0.60653595 1.         0.25547956 0.50403281 0.54574673
 0.46784569 0.60653595 0.65623377 0.50597403]

Pareto: 4 
 [0.76923077 0.60653595 1.         0.         0.4580272  0.53689093
 0.36796958 0.60653595 0.57519481 0.5       ]

Pareto: 5 
 [0.71428571 0.60653595 1.         0.         0.4580272  0.53689093
 0.36796958 0.60653595 0.5        0.5       ]

Pareto: 6 
 [0.41666667 0.60653595 1.         0.         0.4580272  0.53689093
 0.36796958 0.60653595 0.5        0.5       ]

Pareto: 7 
 [0.4        0.60653595 1.         0.         0.4580272  0.53689093
 0.36796958 0.60653595 0.5        0.5       ]

Pareto: 8 
 [0.34482759 0.60653595 1.         0.         0.4580272  0.53689093
 0.36796958 0.60653595 0.5        0.5       ]

Pareto: 9 
 [0.33333333 0.60653595 1.         0.         0.4580272  0.53689093
 0.36796958 0.60653595 0.5        0.5       ]

Pareto: 10 
 [0.3125     0.60653595 1.         0.         0.4580272  0.53689093
 0.36796958 0.60653595 0.5        0.5       ]

Pareto: 11 
 [0.28571429 0.60653595 1.         0.         0.4580272  0.53689093
 0.36796958 0.60653595 0.5        0.5       ]

Pareto: 12 
 [0.25641026 0.60653595 1.         0.         0.4580272  0.53689093
 0.36796958 0.60653595 0.5        0.5       ]

Pareto: 13 
 [0.23809524 0.60653595 1.         0.         0.4580272  0.53689093
 0.36796958 0.60653595 0.5        0.5       ]

Pareto: 14 
 [0. 0. 0. 0. 0. 0. 0. 0. 0. 0.]

Pareto: 1 
 [0.90909091 0.74117647 1.         0.70401006 0.73456202 0.73518516
 0.76054071 0.74117647 0.76363636 0.72246753]

Pareto: 2 
 [0.90909091 0.74117647 1.         0.70401006 0.73456202 0.73518516
 0.76054071 0.74117647 0.72246753 0.72246753]

Pareto: 3 
 [0.83333333 0.60653595 1.         0.36399116 0.51097762 0.53689093
 0.51595018 0.60653595 0.53506494 0.52077922]

Pareto: 4 
 [0.71428571 0.60653595 1.         0.         0.4580272  0.53689093
 0.36796958 0.60653595 0.53506494 0.5       ]

Pareto: 5 
 [0.58823529 0.60653595 1.         0.         0.4580272  0.53689093
 0.36796958 0.60653595 0.5        0.5       ]

Pareto: 6 
 [0.55555556 0.60653595 1.         0.         0.4580272  0.53689093
 0.36796958 0.60653595 0.5        0.5       ]

Pareto: 7 
 [0.52631579 0.60653595 1.         0.         0.4580272  0.53689093
 0.36796958 0.60653595 0.5        0.5       ]

Pareto: 8 
 [0.43478261 0.60653595 1.         0.         0.4580272  0.53689093
 0.36796958 0.60653595 0.5        0.5       ]

Pareto: 9 
 [0.41666667 0.60653595 1.         0.         0.4580272  0.53689093
 0.36796958 0.60653595 0.5        0.5       ]

Pareto: 10 
 [0.35714286 0.60653595 1.         0.         0.4580272  0.53689093
 0.36796958 0.60653595 0.5        0.5       ]

Pareto: 11 
 [0.33333333 0.60653595 1.         0.         0.4580272  0.53689093
 0.36796958 0.60653595 0.5        0.5       ]

Pareto: 12 
 [0.32258065 0.60653595 1.         0.         0.4580272  0.53689093
 0.36796958 0.60653595 0.5        0.5       ]

Pareto: 13 
 [0.29411765 0.60653595 1.         0.         0.4580272  0.53689093
 0.36796958 0.60653595 0.5        0.5       ]

Pareto: 14 
 [0.27777778 0.60653595 1.         0.         0.4580272  0.53689093
 0.36796958 0.60653595 0.5        0.5       ]

Pareto: 1 
 [0.90909091 0.74313725 1.         0.7144858  0.74054544 0.74119488
 0.74622549 0.74313725 0.71675325 0.72337662]

Pareto: 2 
 [0.90909091 0.71960784 1.         0.67638568 0.71241709 0.71446477
 0.73221989 0.71960784 0.67961039 0.69480519]

Pareto: 3 
 [0.83333333 0.61764706 1.         0.31518042 0.53563158 0.57593426
 0.60125077 0.61764706 0.67896104 0.53324675]

Pareto: 4 
 [0.71428571 0.60653595 1.         0.         0.4580272  0.53689093
 0.36796958 0.60653595 0.59324675 0.5       ]

Pareto: 5 
 [0.52631579 0.60653595 1.         0.         0.4580272  0.53689093
 0.36796958 0.60653595 0.5        0.5       ]

Pareto: 6 
 [0.5        0.60653595 1.         0.         0.4580272  0.53689093
 0.36796958 0.60653595 0.5        0.5       ]

Pareto: 7 
 [0.43478261 0.60653595 1.         0.         0.4580272  0.53689093
 0.36796958 0.60653595 0.5        0.5       ]

Pareto: 8 
 [0.38461538 0.60653595 1.         0.         0.4580272  0.53689093
 0.36796958 0.60653595 0.5        0.5       ]

Pareto: 9 
 [0.37037037 0.60653595 1.         0.         0.4580272  0.53689093
 0.36796958 0.60653595 0.5        0.5       ]

Pareto: 10 
 [0.35714286 0.60653595 1.         0.         0.4580272  0.53689093
 0.36796958 0.60653595 0.5        0.5       ]

Pareto: 11 
 [0.34482759 0.60653595 1.         0.         0.4580272  0.53689093
 0.36796958 0.60653595 0.5        0.5       ]

Pareto: 12 
 [0.29411765 0.60653595 1.         0.         0.4580272  0.53689093
 0.36796958 0.60653595 0.5        0.5       ]

Pareto: 1 
 [0.90909091 0.74183007 1.         0.71123374 0.73806602 0.7395396
 0.74140271 0.74183007 0.73844156 0.72155844]

Pareto: 2 
 [0.90909091 0.74183007 1.         0.71123374 0.73806602 0.7395396
 0.74140271 0.74183007 0.71584416 0.72155844]

Pareto: 3 
 [0.83333333 0.71830065 1.         0.69097868 0.7150268  0.71577171
 0.72244847 0.71830065 0.70155844 0.70155844]

Pareto: 4 
 [0.76923077 0.60653595 1.         0.         0.4580272  0.53689093
 0.36796958 0.60653595 0.66038961 0.5       ]

Pareto: 5 
 [0.58823529 0.60653595 1.         0.         0.4580272  0.53689093
 0.36796958 0.60653595 0.5        0.5       ]

Pareto: 6 
 [0.58823529 0.60653595 1.         0.         0.4580272  0.53689093
 0.36796958 0.60653595 0.5        0.5       ]

Pareto: 7 
 [0.47619048 0.60653595 1.         0.         0.4580272  0.53689093
 0.36796958 0.60653595 0.5        0.5       ]

Pareto: 8 
 [0.4        0.60653595 1.         0.         0.4580272  0.53689093
 0.36796958 0.60653595 0.5        0.5       ]

Pareto: 9 
 [0.38461538 0.60653595 1.         0.         0.4580272  0.53689093
 0.36796958 0.60653595 0.5        0.5       ]

Pareto: 10 
 [0.32258065 0.60653595 1.         0.         0.4580272  0.53689093
 0.36796958 0.60653595 0.5        0.5       ]

Pareto: 11 
 [0.29411765 0.60653595 1.         0.         0.4580272  0.53689093
 0.36796958 0.60653595 0.5        0.5       ]

Pareto: 1 
 [0.90909091 0.68496732 1.         0.59993288 0.66232626 0.67254572
 0.70739232 0.68496732 0.7387013  0.65194805]

Pareto: 2 
 [0.90909091 0.67320261 1.         0.52433999 0.63838626 0.6565041
 0.62071412 0.67320261 0.6925974  0.63766234]

Pareto: 3 
 [0.83333333 0.60653595 1.         0.19730802 0.50609086 0.55914353
 0.45117946 0.60653595 0.61246753 0.52597403]

Pareto: 4 
 [0.76923077 0.60653595 1.         0.         0.4580272  0.53689093
 0.36796958 0.60653595 0.5        0.5       ]

Pareto: 5 
 [0.58823529 0.60653595 1.         0.         0.4580272  0.53689093
 0.36796958 0.60653595 0.5        0.5       ]

Pareto: 6 
 [0.55555556 0.60653595 1.         0.         0.4580272  0.53689093
 0.36796958 0.60653595 0.5        0.5       ]

Pareto: 7 
 [0.5        0.60653595 1.         0.         0.4580272  0.53689093
 0.36796958 0.60653595 0.5        0.5       ]

Pareto: 8 
 [0.47619048 0.60653595 1.         0.         0.4580272  0.53689093
 0.36796958 0.60653595 0.5        0.5       ]

Pareto: 9 
 [0.43478261 0.60653595 1.         0.         0.4580272  0.53689093
 0.36796958 0.60653595 0.5        0.5       ]

Pareto: 10 
 [0.41666667 0.60653595 1.         0.         0.4580272  0.53689093
 0.36796958 0.60653595 0.5        0.5       ]

Pareto: 11 
 [0. 0. 0. 0. 0. 0. 0. 0. 0. 0.]

Pareto: 1 
 [0.90909091 0.64117647 1.         0.40880057 0.5614724  0.59225741
 0.56394579 0.64117647 0.7025974  0.55974026]

Pareto: 2 
 [0.90909091 0.61830065 1.         0.40880057 0.5614724  0.5880074
 0.5425345  0.61830065 0.65168831 0.55402597]

Pareto: 3 
 [0.66666667 0.61830065 1.         0.40880057 0.5614724  0.5880074
 0.5425345  0.61830065 0.63103896 0.55402597]

Pareto: 4 
 [0.55555556 0.61830065 1.         0.40880057 0.5614724  0.5880074
 0.5425345  0.61830065 0.55402597 0.55402597]

Pareto: 5 
 [0.43478261 0.60718954 1.         0.40880057 0.5614724  0.5853496
 0.5425345  0.60718954 0.55012987 0.55012987]

Pareto: 6 
 [0.38461538 0.59477124 0.96190476 0.         0.45232919 0.52822957
 0.3649419  0.59477124 0.4925974  0.49      ]

Pareto: 1 
 [0.90909091 0.73986928 1.         0.70948794 0.73657899 0.73674534
 0.75160113 0.73986928 0.73220779 0.71974026]

Pareto: 2 
 [0.76923077 0.73986928 1.         0.70948794 0.73657899 0.73674534
 0.75160113 0.73986928 0.72701299 0.71974026]

Pareto: 3 
 [0.66666667 0.73986928 1.         0.70948794 0.73657899 0.73674534
 0.75160113 0.73986928 0.71402597 0.71974026]

Pareto: 4 
 [0.58823529 0.73986928 1.         0.70948794 0.73657899 0.73674534
 0.75160113 0.73986928 0.71194805 0.71974026]

Pareto: 5 
 [0.58823529 0.60653595 1.         0.         0.4580272  0.53689093
 0.36796958 0.60653595 0.50805195 0.5       ]

Pareto: 6 
 [0.5        0.60653595 1.         0.         0.4580272  0.53689093
 0.36796958 0.60653595 0.5        0.5       ]

Pareto: 7 
 [0.43478261 0.60653595 1.         0.         0.4580272  0.53689093
 0.36796958 0.60653595 0.5        0.5       ]

Pareto: 8 
 [0.43478261 0.60653595 1.         0.         0.4580272  0.53689093
 0.36796958 0.60653595 0.5        0.5       ]

Pareto: 1 
 [0.90909091 0.74183007 1.         0.70982019 0.73718772 0.73883229
 0.74403906 0.74183007 0.72545455 0.72155844]

Pareto: 2 
 [0.76923077 0.74183007 1.         0.70982019 0.73718772 0.73883229
 0.74403906 0.74183007 0.72545455 0.72155844]

Pareto: 3 
 [0.625      0.74183007 1.         0.70982019 0.73718772 0.73883229
 0.74403906 0.74183007 0.72545455 0.72155844]

Pareto: 4 
 [0.55555556 0.70653595 1.         0.62624674 0.6791485  0.68909029
 0.68577575 0.70653595 0.6725974  0.67012987]

Pareto: 5 
 [0.52631579 0.68300654 1.         0.5586344  0.65954066 0.67145262
 0.67595804 0.68300654 0.67116883 0.65012987]

Pareto: 6 
 [0.47619048 0.60653595 1.         0.27132546 0.52267254 0.5549385
 0.48553768 0.60653595 0.62246753 0.52064935]

Pareto: 7 
 [0.41666667 0.60653595 1.         0.         0.4580272  0.53689093
 0.36796958 0.60653595 0.5        0.5       ]

Pareto: 8 
 [0.38461538 0.60653595 1.         0.         0.4580272  0.53689093
 0.36796958 0.60653595 0.5        0.5       ]

Pareto: 1 
 [0.90909091 0.74117647 1.         0.70893062 0.73598611 0.7373898
 0.74750754 0.74117647 0.72246753 0.72246753]

Pareto: 2 
 [0.71428571 0.74117647 1.         0.70893062 0.73598611 0.7373898
 0.74750754 0.74117647 0.72246753 0.72246753]

Pareto: 3 
 [0.66666667 0.74117647 1.         0.70893062 0.73598611 0.7373898
 0.74750754 0.74117647 0.72246753 0.72246753]

Pareto: 4 
 [0.625      0.60653595 1.         0.20691497 0.50915346 0.55988442
 0.46934032 0.60653595 0.61948052 0.53116883]

Pareto: 5 
 [0.5        0.60653595 1.         0.         0.4580272  0.53689093
 0.36796958 0.60653595 0.5        0.5       ]

Pareto: 6 
 [0.47619048 0.60653595 1.         0.         0.4580272  0.53689093
 0.36796958 0.60653595 0.5        0.5       ]

Pareto: 7 
 [0.45454545 0.60653595 1.         0.         0.4580272  0.53689093
 0.36796958 0.60653595 0.5        0.5       ]

Pareto: 8 
 [0.37037037 0.58431373 0.98986175 0.         0.44678837 0.52013466
 0.36202823 0.58431373 0.47272727 0.48181818]

Pareto: 1 
 [0.90909091 0.66339869 1.         0.56607288 0.63398434 0.64654544
 0.67312572 0.66339869 0.74064935 0.62064935]

Pareto: 2 
 [0.76923077 0.66339869 1.         0.5074582  0.62913813 0.64654544
 0.61792976 0.66339869 0.65272727 0.62064935]

Pareto: 3 
 [0.45454545 0.60653595 0.99354839 0.21177139 0.50048172 0.54793204
 0.46394271 0.60653595 0.63       0.51025974]

Pareto: 4 
 [0.38461538 0.60653595 0.99354839 0.         0.4580272  0.53689093
 0.36796958 0.60653595 0.54922078 0.5       ]

Pareto: 5 
 [0.3125     0.5620915  0.97333333 0.         0.43510185 0.50308973
 0.35566748 0.5620915  0.46363636 0.46363636]

Pareto: 6 
 [0. 0. 0. 0. 0. 0. 0. 0. 0. 0.]

Pareto: 1 
 [0.90909091 0.65163399 1.         0.57202259 0.62766726 0.6333308
 0.63538282 0.65163399 0.75558442 0.61766234]

Pareto: 2 
 [0.83333333 0.64052288 1.         0.28384639 0.54578167 0.59232854
 0.61899056 0.64052288 0.70727273 0.55324675]

Pareto: 3 
 [0.45454545 0.61830065 1.         0.27542295 0.5341455  0.57669234
 0.57010285 0.61830065 0.63246753 0.53415584]

Pareto: 4 
 [0.43478261 0.57320261 0.91351852 0.14766789 0.46700457 0.52184468
 0.45600517 0.57320261 0.51493506 0.48831169]

Pareto: 1 
 [0.90909091 0.70653595 1.         0.68692549 0.70523362 0.70541273
 0.71104757 0.70653595 0.78155844 0.69337662]

Pareto: 2 
 [0.76923077 0.65163399 1.         0.41306165 0.59061823 0.62047668
 0.62401262 0.65163399 0.73532468 0.5812987 ]

Pareto: 3 
 [0.71428571 0.63006536 1.         0.28289257 0.5436316  0.58774534
 0.55919076 0.63006536 0.70792208 0.54753247]

Pareto: 4 
 [0.47619048 0.60653595 0.97979798 0.072075   0.4677071  0.53689093
 0.40576007 0.60653595 0.67311688 0.5       ]

Pareto: 5 
 [0.4        0.60653595 0.96826455 0.         0.4580272  0.53689093
 0.36796958 0.60653595 0.55532468 0.5       ]

Pareto: 6 
 [0. 0. 0. 0. 0. 0. 0. 0. 0. 0.]

Pareto: 1 
 [0.90909091 0.68627451 1.         0.53550985 0.64802888 0.66615181
 0.74611928 0.68627451 0.78155844 0.65194805]

Pareto: 2 
 [0.83333333 0.68431373 1.         0.53550985 0.64802888 0.66615181
 0.6370657  0.68431373 0.68311688 0.65194805]

Pareto: 3 
 [0.76923077 0.63986928 0.99354839 0.34782812 0.55304951 0.58991016
 0.59199282 0.63986928 0.64818182 0.54935065]

Pareto: 4 
 [0.76923077 0.60653595 0.99344962 0.1866988  0.49766515 0.5491382
 0.45182851 0.60653595 0.60714286 0.51077922]

Pareto: 5 
 [0.37037037 0.60653595 0.96402189 0.         0.4580272  0.53689093
 0.36796958 0.60653595 0.56883117 0.5       ]

Pareto: 6 
 [0.27777778 0.59477124 0.94268959 0.         0.45232919 0.52822957
 0.3649419  0.59477124 0.52428571 0.49      ]

Pareto: 7 
 [0. 0. 0. 0. 0. 0. 0. 0. 0. 0.]

Pareto: 1 
 [0.90909091 0.70784314 1.         0.54019512 0.66161084 0.68007363
 0.76402272 0.70784314 0.75727273 0.63896104]

Pareto: 2 
 [0.83333333 0.63006536 1.         0.39333128 0.56882495 0.59881646
 0.59608234 0.63006536 0.67467532 0.56649351]

Pareto: 3 
 [0.76923077 0.60653595 1.         0.28438236 0.52764664 0.56854858
 0.49511448 0.60653595 0.67467532 0.53116883]

Pareto: 1 
 [0.90909091 0.69542484 1.         0.45588567 0.63334866 0.66179502
 0.69216376 0.69542484 0.72935065 0.62467532]

Pareto: 2 
 [0.90909091 0.6627451  1.         0.34035594 0.57764883 0.62061644
 0.59233323 0.6627451  0.69545455 0.5861039 ]

Pareto: 3 
 [0.90909091 0.65098039 1.         0.32346575 0.5594789  0.60599393
 0.58792665 0.65098039 0.67558442 0.57181818]

Pareto: 4 
 [0.66666667 0.62810458 1.         0.32346575 0.55578132 0.59258397
 0.5372964  0.62810458 0.63831169 0.55363636]

Pareto: 5 
 [0.58823529 0.60653595 1.         0.072075   0.4677071  0.53689093
 0.40576007 0.60653595 0.61805195 0.5       ]

Pareto: 6 
 [0.45454545 0.59542484 0.92745098 0.         0.45260848 0.52865014
 0.36517365 0.59542484 0.52649351 0.49090909]

Pareto: 7 
 [0. 0. 0. 0. 0. 0. 0. 0. 0. 0.]

Pareto: 1 
 [0.90909091 0.69607843 1.         0.50862098 0.64135957 0.66422923
 0.77324011 0.69607843 0.73038961 0.62467532]

Pareto: 2 
 [0.90909091 0.6627451  1.         0.50862098 0.62832071 0.64607925
 0.68163399 0.6627451  0.69194805 0.62155844]

Pareto: 3 
 [0.83333333 0.60653595 1.         0.22792115 0.51227059 0.5565937
 0.47470887 0.60653595 0.63116883 0.52207792]

Pareto: 4 
 [0.66666667 0.60653595 1.         0.         0.4580272  0.53689093
 0.36796958 0.60653595 0.5        0.5       ]

Pareto: 5 
 [0.55555556 0.60653595 1.         0.         0.4580272  0.53689093
 0.36796958 0.60653595 0.5        0.5       ]

Pareto: 6 
 [0. 0. 0. 0. 0. 0. 0. 0. 0. 0.]

