Generation 0
[0.02422316 0.02422316 0.02422316 0.02085796 0.02085796 0.02422316
 0.01550773 0.01727257 0.01605195 0.01532083 0.01459139 0.01564791
 0.02422316 0.0153803  0.02422316 0.02422316 0.02422316 0.01727257
 0.02422316 0.02422316 0.01597499 0.02085796 0.         0.01550773
 0.02422316 0.         0.02085796 0.02085796 0.         0.02085796
 0.01569057 0.0153803  0.01605195 0.02422316 0.         0.
 0.01530315 0.02422316 0.02422316 0.01533952 0.01530315 0.0153803
 0.         0.02422316 0.02085796 0.         0.01727257 0.02085796
 0.0163488  0.01530315 0.02085796 0.         0.01597499 0.02085796
 0.01597499 0.0163488  0.01542634 0.         0.02422316 0.02422316]
Generation 1
[0.02290168 0.01796735 0.01364106 0.02290168 0.01796735 0.01322959
 0.01796735 0.01312394 0.0131391  0.01796735 0.01796735 0.0189848
 0.01796735 0.01312394 0.01468439 0.0131391  0.01417654 0.02290168
 0.01366354 0.01338595 0.01468439 0.01370011 0.01364106 0.01626595
 0.02290168 0.01413166 0.01384036 0.02290168 0.01370011 0.01384036
 0.02290168 0.02290168 0.         0.01338595 0.01796735 0.02290168
 0.01107748 0.02290168 0.01366354 0.02290168 0.0189848  0.01468439
 0.01163326 0.01312394 0.01322959 0.01796735 0.01172576 0.02290168
 0.02290168 0.02290168 0.01320923 0.01796735 0.01413166 0.01370011
 0.02290168 0.01322959 0.02290168 0.01626595 0.01172576 0.02290168]
Generation 2
[0.02269443 0.01670318 0.01670318 0.01702599 0.01315129 0.01670318
 0.02269443 0.01670318 0.01444576 0.02269443 0.01444576 0.01444576
 0.01670318 0.01702599 0.01702599 0.0134564  0.01304451 0.01304451
 0.01360092 0.0136598  0.01702599 0.01308533 0.01702599 0.01702599
 0.02269443 0.01702599 0.01444576 0.01702599 0.02269443 0.01444576
 0.02269443 0.02269443 0.01354793 0.01670318 0.02269443 0.01702599
 0.02269443 0.0134564  0.01311643 0.01702599 0.01444576 0.01702599
 0.02269443 0.02269443 0.01670318 0.01702599 0.01360092 0.013071
 0.01323546 0.0134564  0.01360092 0.0136598  0.01304451 0.0136598
 0.01702599 0.01299874 0.02269443 0.01299874 0.02269443 0.01354793]
Generation 3
[0.01601713 0.0135213  0.01299829 0.0135213  0.01304445 0.01255974
 0.02191238 0.01272131 0.01403291 0.01285057 0.01601713 0.02191238
 0.01262898 0.01512987 0.01315217 0.02191238 0.02191238 0.01512987
 0.01282074 0.01282074 0.02167013 0.02167013 0.02167013 0.02167013
 0.01299829 0.01321553 0.01403291 0.01255974 0.02191238 0.02191238
 0.0135213  0.01247071 0.02167013 0.01253666 0.02191238 0.01328681
 0.02191238 0.01321553 0.01403291 0.02191238 0.01328681 0.02191238
 0.02191238 0.01255974 0.02191238 0.02167013 0.01315217 0.
 0.02191238 0.02191238 0.01304445 0.01252592 0.01299829 0.02191238
 0.02191238 0.02167013 0.02191238 0.02167013 0.01315217 0.01257217]
Generation 4
[0.02191795 0.02191795 0.02191795 0.01257973 0.01300982 0.02191795
 0.02191795 0.01430556 0.01693167 0.01693167 0.01329048 0.01329048
 0.01693167 0.01430556 0.02191795 0.01329048 0.02191795 0.01251663
 0.01329048 0.01279862 0.01693167 0.02191795 0.01693167 0.00974673
 0.01307646 0.01329048 0.01307646 0.02191795 0.02191795 0.01279862
 0.01430556 0.01259592 0.02191795 0.01279862 0.01693167 0.01693167
 0.01307646 0.01693167 0.01430556 0.02191795 0.01693167 0.01430556
 0.01259592 0.01430556 0.01329048 0.01307646 0.01300982 0.02191795
 0.01693167 0.01430556 0.01430556 0.02191795 0.02191795 0.01329048
 0.02191795 0.01307646 0.02191795 0.01693167 0.02191795 0.02191795]
Generation 5
[0.02036442 0.02036442 0.02008184 0.01220424 0.01166258 0.01167763
 0.01209338 0.01242993 0.01227007 0.02036442 0.01220424 0.02008184
 0.02036442 0.01739238 0.02008184 0.         0.02036442 0.02008184
 0.02008184 0.02008184 0.02008184 0.016811   0.02036442 0.01163493
 0.01227007 0.01162219 0.016811   0.02008184 0.016811   0.02008184
 0.02036442 0.02036442 0.01220424 0.0184031  0.01157732 0.01517349
 0.01164837 0.01163493 0.01169359 0.02008184 0.016811   0.02036442
 0.01183966 0.02036442 0.02008184 0.01739238 0.01209338 0.01517349
 0.0184031  0.02008184 0.02036442 0.02036442 0.02036442 0.02008184
 0.01220424 0.02036442 0.02008184 0.01242993 0.016811   0.02036442]
Generation 6
[0.02174258 0.02174258 0.01262204 0.01264739 0.01356279 0.01991989
 0.0125764  0.01236343 0.02174258 0.02174258 0.02174258 0.01343525
 0.02174258 0.02174258 0.02174258 0.01242896 0.01991989 0.01991989
 0.01300235 0.01991989 0.         0.01991989 0.02174258 0.01300235
 0.01343525 0.0111079  0.01343525 0.01991989 0.01457236 0.01313546
 0.01356279 0.01270419 0.01343525 0.02174258 0.02174258 0.01356279
 0.01991989 0.01242896 0.02174258 0.01300235 0.02174258 0.02174258
 0.02174258 0.01237311 0.02174258 0.01255579 0.02174258 0.01991989
 0.01313546 0.02174258 0.01457236 0.01991989 0.02174258 0.01232083
 0.01245552 0.01991989 0.0111079  0.01264739 0.01343525 0.01306499]
Generation 7
[0.02068134 0.01249056 0.02068134 0.01187216 0.01432043 0.01961705
 0.01432043 0.01961705 0.0125665  0.02068134 0.01961705 0.01214386
 0.0119799  0.01190372 0.01242355 0.02068134 0.01961705 0.01242355
 0.01421288 0.02068134 0.02068134 0.01192098 0.01421288 0.02068134
 0.01202645 0.02068134 0.01961705 0.02068134 0.02068134 0.01961705
 0.01214386 0.01432043 0.02068134 0.02068134 0.01432043 0.01432043
 0.01961705 0.01190372 0.02068134 0.01961705 0.02068134 0.01961705
 0.0125665  0.02068134 0.01432043 0.01249056 0.01190372 0.01192098
 0.02068134 0.02068134 0.01961705 0.02068134 0.01178536 0.01180706
 0.02068134 0.01188747 0.01961705 0.01432043 0.01175643 0.02068134]
Generation 8
[0.02034022 0.02034022 0.01279504 0.01176098 0.01991403 0.01159026
 0.02034022 0.01991403 0.02034022 0.01472256 0.01991403 0.01991403
 0.02034022 0.02034022 0.01991403 0.02034022 0.01472256 0.02034022
 0.01991403 0.01188048 0.02034022 0.01991403 0.01991403 0.01991403
 0.01244383 0.01991403 0.01172363 0.01991403 0.02034022 0.
 0.         0.02034022 0.         0.01991403 0.01244383 0.02034022
 0.01991403 0.02034022 0.02034022 0.01472256 0.01188048 0.01991403
 0.01191035 0.01279504 0.01167562 0.01991403 0.01178158 0.01916456
 0.01916456 0.02034022 0.02034022 0.01472256 0.01991403 0.01472256
 0.01162309 0.01991403 0.01991403 0.01279504 0.02034022 0.01472256]
Generation 9
[0.01943506 0.01198506 0.01930305 0.01831172 0.01943506 0.01930305
 0.01122111 0.01943506 0.01943506 0.01930305 0.01943506 0.01427705
 0.01930305 0.01136363 0.01930305 0.01943506 0.01943506 0.01427705
 0.01943506 0.01943506 0.01136363 0.01943506 0.01930305 0.01943506
 0.01930305 0.01943506 0.01943506 0.01919337 0.01427705 0.01427705
 0.01943506 0.0187747  0.01160115 0.01126183 0.01198506 0.01831172
 0.01427705 0.01120272 0.01115404 0.0187747  0.01930305 0.01930305
 0.01165704 0.01427705 0.01427705 0.01160115 0.01155115 0.01943506
 0.01930305 0.01930305 0.01930305 0.01427705 0.01943506 0.01198506
 0.01943506 0.01930305 0.01139461 0.0111261  0.01919337 0.01943506]
Generation 10
[0.01968975 0.01523218 0.01239182 0.0115134  0.01968975 0.01968975
 0.01903503 0.01903503 0.01523218 0.01144412 0.01239182 0.01903503
 0.01968975 0.01719548 0.0117143  0.01968975 0.01239182 0.01333371
 0.01719548 0.01968975 0.01968975 0.01968975 0.01523218 0.01968975
 0.01968975 0.01968975 0.01968975 0.01968975 0.01903503 0.01903503
 0.01903503 0.01135582 0.0117143  0.01903503 0.01239182 0.01903503
 0.01333371 0.01237848 0.01968975 0.01176012 0.01523218 0.01903503
 0.01239182 0.01523218 0.01968975 0.01968975 0.01903503 0.01968975
 0.01903503 0.01903503 0.01968975 0.01903503 0.01146556 0.01903503
 0.01523218 0.01160074 0.01148859 0.0179348  0.01237848 0.0179348 ]
Generation 11
[0.01959879 0.01959879 0.01900952 0.0196724  0.01900952 0.0196724
 0.01959879 0.0196724  0.01959879 0.01184323 0.01959879 0.01151616
 0.01959879 0.01138165 0.0196724  0.01959879 0.0196724  0.01959879
 0.01900952 0.01088988 0.01071765 0.0196724  0.01297506 0.0196724
 0.01184323 0.0196724  0.01494937 0.00720314 0.00679299 0.0196724
 0.01959879 0.0196724  0.0196724  0.01297506 0.01268024 0.01900952
 0.0196724  0.01959879 0.01900952 0.01268024 0.01494937 0.01900952
 0.01148943 0.0196724  0.01900952 0.01164855 0.0196724  0.01268024
 0.01041767 0.01959879 0.0196724  0.01900952 0.0196724  0.01184323
 0.00681708 0.0196724  0.01900952 0.01959879 0.0196724  0.01133219]
Generation 12
[0.01988011 0.01988011 0.01288402 0.01322614 0.01255971 0.01271723
 0.01988011 0.01988011 0.01988011 0.01988011 0.01941086 0.01988011
 0.01282224 0.0189361  0.01988011 0.0189361  0.01988011 0.01579859
 0.01988011 0.01988011 0.0189361  0.0189361  0.0189361  0.
 0.01988011 0.01271723 0.0189361  0.01988011 0.01988011 0.01518474
 0.01518474 0.01988011 0.01667568 0.01284309 0.01259396 0.0189361
 0.01322614 0.00994006 0.01667568 0.01988011 0.01518474 0.0189361
 0.01579859 0.01518474 0.0189361  0.0189361  0.         0.00994006
 0.01988011 0.01518474 0.01941086 0.01988011 0.01988011 0.01988011
 0.01988011 0.01284309 0.01267223 0.01988011 0.01988011 0.01271723]
Generation 13
[0.01027772 0.01781512 0.0181841  0.01726099 0.0181841  0.0181841
 0.01781512 0.0181841  0.0181841  0.0112868  0.01407915 0.01643599
 0.01383549 0.01383549 0.0181841  0.0181841  0.01027772 0.01407915
 0.01781512 0.0181841  0.0181841  0.01781512 0.0181841  0.01781512
 0.0181841  0.01781512 0.0181841  0.01675738 0.0181841  0.0181841
 0.00921564 0.01726099 0.01675738 0.01726099 0.01726099 0.01675738
 0.0181841  0.01643599 0.0181841  0.01675738 0.0112868  0.01726099
 0.0181841  0.0127903  0.01781512 0.01726099 0.00921564 0.0181841
 0.01781512 0.0181841  0.01726099 0.01781512 0.0181841  0.01781512
 0.01726099 0.01726099 0.0181841  0.0181841  0.0181841  0.0181841 ]
Generation 14
[0.01846101 0.01787499 0.01846101 0.01088078 0.01336087 0.01846101
 0.01846101 0.01800943 0.01088078 0.01846101 0.01787499 0.01787499
 0.01279289 0.01787499 0.01846101 0.01846101 0.01800943 0.0182167
 0.01787499 0.01800943 0.0182167  0.01846101 0.01846101 0.0182167
 0.01787499 0.01787499 0.0182167  0.01098728 0.01800943 0.01115604
 0.0182167  0.01098728 0.01846101 0.01787499 0.01846101 0.01088078
 0.01846101 0.0182167  0.01846101 0.0182167  0.01846101 0.01846101
 0.01431398 0.0182167  0.01003903 0.01846101 0.01431398 0.0182167
 0.01846101 0.01800943 0.0182167  0.01003903 0.01787499 0.01098728
 0.01846101 0.0182167  0.01115604 0.01800943 0.01739396 0.0182167 ]
Generation 15
[0.0177167  0.01243765 0.01749733 0.01749733 0.0177167  0.01601896
 0.0177167  0.01042221 0.0172711  0.0177167  0.01545249 0.01545249
 0.0177167  0.01749733 0.01467338 0.01749733 0.01749733 0.01749733
 0.0177167  0.0177167  0.0177167  0.0177167  0.01749733 0.0177167
 0.01749733 0.01601896 0.0172711  0.01601896 0.01467338 0.01545249
 0.0177167  0.0177167  0.01749733 0.01545249 0.0172711  0.01749733
 0.0177167  0.01749733 0.0177167  0.0177167  0.0177167  0.01601896
 0.0172711  0.01601896 0.01749733 0.0177167  0.0172711  0.01749733
 0.01037193 0.01243765 0.0177167  0.0177167  0.0172711  0.01545249
 0.0177167  0.0172711  0.01749733 0.01243765 0.01749733 0.01749733]
Generation 16
[0.01812541 0.01781262 0.01812541 0.01812541 0.01812541 0.01812541
 0.01773616 0.01781262 0.01076456 0.01773616 0.01812541 0.01812541
 0.01268838 0.01268838 0.01781262 0.01812541 0.01773616 0.01812541
 0.01812541 0.01812541 0.01812541 0.01773616 0.01773616 0.01781262
 0.01268838 0.01080279 0.01781262 0.01781262 0.01027986 0.01773616
 0.01773616 0.01781262 0.01781262 0.01773616 0.01268838 0.01781262
 0.01812541 0.01076456 0.01773616 0.01781262 0.01773616 0.01781262
 0.01812541 0.01080279 0.01812541 0.01773616 0.01773616 0.01812541
 0.01812541 0.01268838 0.01812541 0.01268838 0.0107298  0.01773616
 0.01781262 0.01773616 0.01773616 0.01773616 0.01781262 0.01812541]
Generation 17
[0.01847712 0.01847712 0.0125199  0.01752139 0.01847712 0.01752139
 0.01847712 0.01752139 0.         0.01752139 0.01213581 0.01710782
 0.01752139 0.01390067 0.01847712 0.01847712 0.01390067 0.01390067
 0.01847712 0.01847712 0.01752139 0.01390067 0.01390067 0.01847712
 0.01710782 0.01847712 0.01847712 0.01847712 0.01752139 0.01847712
 0.01847712 0.01752139 0.01390067 0.01847712 0.01847712 0.01213581
 0.01847712 0.01390067 0.01847712 0.01752139 0.01847712 0.01390067
 0.01847712 0.0125199  0.01847712 0.01752139 0.01847712 0.01847712
 0.01847712 0.01847712 0.01752139 0.01847712 0.01752139 0.01752139
 0.01847712 0.01847712 0.0111865  0.01390067 0.01752139 0.01752139]
Generation 18
[0.01889301 0.00767071 0.01889301 0.01501415 0.01654641 0.01654641
 0.00941299 0.01889301 0.01889301 0.01889301 0.01301471 0.0151248
 0.01518643 0.01889301 0.01889301 0.01889301 0.01518643 0.01889301
 0.01654641 0.01889301 0.01518643 0.01518643 0.01889301 0.01654641
 0.01889301 0.01889301 0.01182511 0.01889301 0.01654641 0.01654641
 0.01518643 0.01501415 0.01889301 0.01085318 0.01889301 0.01889301
 0.01889301 0.01889301 0.01654641 0.01518643 0.01518643 0.01085318
 0.01654641 0.01889301 0.01654641 0.01518643 0.01654641 0.01654641
 0.01889301 0.01654641 0.01654641 0.01889301 0.01889301 0.01889301
 0.01518643 0.01654641 0.01889301 0.01889301 0.01654641 0.0151248 ]
Generation 19
[0.0197774  0.0197774  0.         0.01571697 0.01571697 0.01543098
 0.01677355 0.01543098 0.0197774  0.01677355 0.0197774  0.01677355
 0.01677355 0.01543098 0.01543098 0.01543098 0.01295373 0.0197774
 0.01543098 0.0197774  0.01677355 0.0197774  0.01543098 0.01236848
 0.01197014 0.01677355 0.01677355 0.0197774  0.         0.01677355
 0.0197774  0.0197774  0.0197774  0.01677355 0.01677355 0.0197774
 0.0197774  0.01677355 0.01543098 0.01677355 0.01677355 0.0197774
 0.0197774  0.01295373 0.0197774  0.01543098 0.0197774  0.0197774
 0.01295373 0.01543098 0.0197774  0.0197774  0.01677355 0.01677355
 0.0197774  0.01677355 0.0197774  0.01543098 0.0197774  0.01236848]
Generation 20
[0.01946975 0.01946975 0.00799403 0.01641849 0.00996585 0.01641849
 0.01946975 0.01641849 0.0146445  0.01195849 0.01946975 0.01946975
 0.01946975 0.01641849 0.0187239  0.0187239  0.01946975 0.01641849
 0.01946975 0.0187239  0.01946975 0.01245899 0.01946975 0.01946975
 0.00920416 0.         0.0187239  0.01946975 0.0187239  0.01946975
 0.01946975 0.         0.01641849 0.0187239  0.0146445  0.01946975
 0.01946975 0.0187239  0.01641849 0.01946975 0.01946975 0.00996585
 0.0187239  0.0146445  0.01641849 0.0187239  0.01946975 0.01641849
 0.01641849 0.00887003 0.01946975 0.01946975 0.01946975 0.0187239
 0.0146445  0.01946975 0.01641849 0.01946975 0.01641849 0.01946975]
Generation 21
[0.01861215 0.01861215 0.0149186  0.01861215 0.01615298 0.01253374
 0.00815802 0.01861215 0.01861215 0.0149186  0.01861215 0.01861215
 0.01615298 0.01615298 0.0149186  0.01861215 0.01615298 0.01861215
 0.01615298 0.01861215 0.01861215 0.01615298 0.01861215 0.01615298
 0.00820052 0.0149186  0.01615298 0.01615298 0.01861215 0.01615298
 0.01615298 0.01861215 0.01615298 0.01861215 0.01615298 0.01615298
 0.0149186  0.01253374 0.01861215 0.01861215 0.01615298 0.01861215
 0.01861215 0.01615298 0.01615298 0.01861215 0.01861215 0.00870964
 0.01615298 0.01861215 0.01861215 0.01615298 0.01861215 0.0149186
 0.01861215 0.01861215 0.01861215 0.01615298 0.01861215 0.01615298]
Generation 22
[0.01864354 0.01720233 0.01864354 0.01864354 0.01720233 0.01864354
 0.01864354 0.01684911 0.01864354 0.01864354 0.01684911 0.01507923
 0.01226624 0.01354352 0.01354352 0.01594132 0.01594132 0.01720233
 0.01864354 0.01684911 0.01354352 0.01864354 0.         0.01684911
 0.01594132 0.01864354 0.01720233 0.01684911 0.01720233 0.01720233
 0.01864354 0.01864354 0.01684911 0.01864354 0.01756595 0.01684911
 0.01864354 0.01864354 0.01594132 0.01864354 0.01864354 0.01864354
 0.         0.01864354 0.01684911 0.01864354 0.01684911 0.01507923
 0.01720233 0.01756595 0.01684911 0.01594132 0.01720233 0.01720233
 0.01720233 0.01684911 0.01864354 0.01594132 0.01864354 0.01864354]
Generation 23
[0.01815967 0.01761689 0.         0.01761689 0.01444434 0.01761689
 0.01815967 0.01761689 0.01815967 0.01815967 0.01444434 0.01815967
 0.01815967 0.01761689 0.01815967 0.01761689 0.01444434 0.01815967
 0.01761689 0.01761689 0.01444434 0.01761689 0.01815967 0.01815967
 0.01815967 0.01761689 0.01761689 0.01815967 0.01815967 0.01815967
 0.01444434 0.01815967 0.01815967 0.01444434 0.01815967 0.01761689
 0.01444434 0.01761689 0.01761689 0.01761689 0.01199151 0.01815967
 0.01761689 0.01761689 0.01761689 0.01815967 0.01761689 0.01815967
 0.01444434 0.01815967 0.01815967 0.01815967 0.01218792 0.01761689
 0.01815967 0.01815967 0.01815967 0.01815967 0.01761689 0.        ]
