Generation 0
Individual indices selected: [53 20  0 14  6 38 36 13 58  0 43  3 41  9 36 58 47 20 23 29 44 16 37  5
 55  7 44 11 50 44  3 43 31 33 14 58  5 20 33 43 50 58 40 39  4 19 14 38
 10 56  7  7  0 38 11  2 37 19 44]
-------
Generation 1
Individual indices selected: [18 59 14  5 34 23  3 45 56 12 25 17 27 11 22  7  8 28 21  3 50 59 27 47
 27 53  3 12 29 40 11 30 34 48 28 47 41 49 21 45 27 59  4  3 16 18  8 33
 14 51 51 43 29  1 49 27  8 11  2]
-------
Generation 2
Individual indices selected: [50 37  1 19 47 36 49 40 18  0 58 47  6 13 28  7  6 49 15  0 58  0  1 51
  2 50 55 14 23 34 55 42 16 31 53 13 29 53 14 19  7 42 52 28 35 59 33 45
 39 59 55 32 35  8 10 35 10 46 16]
-------
Generation 3
Individual indices selected: [29 34  7 58 36 29 32 36 31 56  3 31 42  6 24  8 49 22 19 48 41 55 33 50
 19 26 31 11  2 30  6 17  9 54 21 56 20 54 32 34 27  6 22 56 14  9 54 10
  3 55 27 10  1 48 46 21  3  3 34]
-------
Generation 4
Individual indices selected: [14 18 44 41  3 55 11  7 54  4 27 35 32  0 57 12 54 13 22 58  7  6 51 24
 36 43 32 57 44 54  7  0 28 51 42  3  9 17 54 27 21 33 18  8 32 15 42 28
 14 16  9  2 34 11 34  6 26 42 58]
-------
Generation 5
Individual indices selected: [39 51 42  5 59 42 40 55 33 49 36 17 22 39 36 34 12  6 50 59 19 47 18 29
 10 31  2 23 24 20  3 24 12 17 53 11  4 14 46 39 19 55 40 16 18 12 20 21
 58 23 47 30 40 51 17 10 16 59 29]
-------
Generation 6
Individual indices selected: [ 3 12  4 10 51 32 12 32 17 14  3 31 50  4 40 53 56  9 26 21  2  9 22 44
 22 51  1  7 46 23 39 52 41 27 14 47 50 38 24 36 19  0  1  1 56 28 16 42
 53 38 33 15 16 52 11 47 32 43 46]
-------
Generation 7
Individual indices selected: [40 41 21 54 47 18 29 39 57 19 34  9 50 46 49  4 23 16 11 26 38 51  4 30
 35 55 49 22 19 19 15 36 20  6 18 51 19 24 54 24 36 39 10 47 50 12 43 43
  7 32 20 19 29 55 50 40  6 33 42]
-------
Generation 8
Individual indices selected: [31 34 47 15 11  3 10 35 35 36 57 37 19 41 53  2 57 31 39 40 27 28 55 47
 36 31 49 10 37 47  7 10 44 34 47 35 19  3  7 12  0 10 36 11 24 24 17 23
 37 33 57 59 10 22 47 42 44 49 21]
-------
Generation 9
Individual indices selected: [32 52  0 49 27 59 22 31 13 34 30 40 35 29  7 35 26 35 12 30 21  3 43  8
 43  3 38 24 55  0 57 32 18 56 21 26  9 47 13 12 17 24 14 19 10 32 43 48
 54 47 24 20 15 15 20 37 25  9 25]
-------
Generation 10
Individual indices selected: [25 51 13 44 23 24 38 19 56 24 14 58 27 18 33 22 19 28 24 24 36 12  0 14
 44 12 49 49 16 41  7 35 12 20  6 47 59 10 19 12 24  9  5  4 14 29 22 24
 40 19 16 13 10 49 47  5 43 46  9]
-------
Generation 11
Individual indices selected: [10 49 30  9 42 58 37 22 50 35 51 44 41 46 44  8  1 25 43 52 12  0 19 19
 39  3 14 22 57  2 51  7 52 49 21  8 51  7 25  8  9  1  3 55 52 30 51 50
 12 35 16  5 55 43 52 39 32  4 44]
-------
Generation 12
Individual indices selected: [28 57  0 42 18 43  0 45 32 13 10 19 54 19 44 10 13  6 39 48 21 16 42 44
 22 31  9 38 50 50 45 56 36 25  9 11 40 20  6 32 30 40 41 30  9 50 28 50
 33 55 15 43 28 55 10 54 38 54 51]
-------
Generation 13
Individual indices selected: [50 25 32 28 18 11 33 34 15 59 52 28  3  5  9 52 31 18 45 11  9 52 27 16
 12 19 34 29 26 41 37 24  8 28 14 20 42 26  6 29 38 57 53  6 15 57  1 41
  6 48  6 26 33 39 48 22  4 28  5]
-------
Generation 14
Individual indices selected: [18 56  2 14 37 40 27 37 36  6 56 34 19 43  0 22 13  4 45 15 46 48 32 44
  8 51  6 43 22 21  5 13 59 55  5 23 30 52 15 22 22 52 28 15 58 59 35 27
 59  9 56 57 59 58 42 57 16 50 30]
-------
Generation 15
Individual indices selected: [38 16 45 44 14 26 45 11 33 39 28 26 35 46 16 29 38 38 15 44 16  9 11 22
 25 19 36  4 22 24 59  3 10 57 52 15 35 16 40  9 53 38  2 23 24 38 45 20
  5 17 33 25 59 29 46 26 22  1  9]
-------
Generation 16
Individual indices selected: [57 26 12 39 45 48  1 18  9 38 33 30 55 14 35  3  6 44 36 31 21 29 39 33
 18 56 55 45 18 17 21 38 19 45 40 56 21 35  3 46 40 52 26 30 11 48  4 49
 28 41 29  8 45 46 50 31 56 26 44]
-------
Generation 17
Individual indices selected: [53 36 46 15  5 53 43 14  4  7 23 22 26  5 18 40 15 37  4 40 44 25 12 39
 54 53 21 20 34 52 46 19 12 13 42 15  0 35 51  5 12 36 25 44 48 26 27  6
 41 55 26  1 38 23 59  1 45 19 23]
-------
Generation 18
Individual indices selected: [58 55 36 36 12 47 50 19 45 25 18  1 54  9 46  6  8 19 17 25 40 12 26 39
 16 10 59 53 18 24 42 41  4 53 27 58 22 14 58  2 35 22 26 36 43  9 43 40
 47  8 23 47 28 32 22 53 40 19 26]
-------
Generation 19
Individual indices selected: [ 3 32 29 56 53 30  1 47 22 10  0 13 16 39  9 20 34 30 20 27 24  4 36 32
 47 56 17 29 26 21 47  9 52 22 19  9  0 49  8 20 56 34 38 12 51 37 26 48
 32  8 36 47 10 34 57 45 29 21 31]
-------
Generation 20
Individual indices selected: [20 15 16 10 23 28 52 16 28 27 12  3 47 56 42 19 46 47 17 35 14 40 15 28
 43 59 13 11 55  1  6  3 59  3 10 14 23 51  7 38 22 53 18 45 36 11 28 36
 40 37 23  6 55 16 24 12 29 22  8]
-------
Generation 21
Individual indices selected: [21 25 47 55 45 58 51 33 21 37 35 24 18 10 35 30 50 31 23 22 23 45 50 10
 58 20  4 54 37 43 36  3 54 55 53 50  5 48 15 54 10 15 15 30 56 33 35 25
 55 13 10 38  1  3 36 56 37 59 38]
-------
Generation 22
Individual indices selected: [55  6 11 58 57 45 54 23 43 34  0 36  8  9 46 25 57 54 32  7 39 51 54 39
  7  0 29 39 15 35 28  9 12 45  2  2 28 29 29 38 24 14 39  1 11  9  3  2
 54  2 52 21 23 54 55 51 26 10 40]
-------
Generation 23
Individual indices selected: [ 0  0 39 15 50 55 58 48 46 43  4 58 20 13 34 53 17  7 51 30 39 19  3 21
  8 58 58  6 44 14 23  8 40  9 46  1 40 24 13 42 44 55 45 43 53 42 21 14
 25  0 54 32 27 40 44 26 26 56 45]
-------
