Generation: 0
[ 2.86612076  1.44848529  9.74187292 86.05506953  0.3277571   3.82753049
  1.13016201  9.38435459  6.49102741  1.94723896  1.91460864  1.
  1.          1.          1.          1.          1.          1.
  1.          1.          1.          1.          1.          1.
  1.          1.          1.          1.          1.          1.
  1.          1.          1.          1.          1.          1.        ]
Active Features: [  215   812  1535  1805  2587  2752  2829  3495  4173  4633  4846  5328
  5690  6326  6684  6710  7234  7490  7549 10486 10558 11106 12043 12986
 13099]

Generation: 1
[ 4.51566258  2.17140171  6.73211262 13.8762694   0.04706298  4.08628808
  5.75222118  7.51637159  2.91259028  3.28005367  3.30479707  1.
  1.          1.          1.          1.          1.          1.
  1.          1.          1.          1.          1.          1.
  1.          1.          1.          1.          1.          1.
  1.          1.          1.          1.          1.          1.
  1.          1.          1.          1.        ]
Active Features: [  159   579   846  3515  3520  3802  3851  4038  4731  4907  4969  5244
  5406  5712  5787  6589  6936  7294  7963  8885  9902 10073 10892 12096
 12195 12492 12641 12825 12873]

Generation: 2
[ 4.51566258  2.17140171  6.73211262 13.8762694   0.04706298  4.08628808
  5.75222118  7.51637159  2.91259028  3.28005367  3.30479707  1.
  1.          1.          1.          1.          1.          1.
  1.          1.          1.          1.          1.          1.
  1.          1.          1.          1.          1.          1.
  1.          1.          1.          1.          1.          1.
  1.          1.          1.          1.        ]
Active Features: [  159   579   846  3515  3520  3802  3851  4038  4731  4907  4969  5244
  5406  5712  5787  6589  6936  7294  7963  8885  9902 10073 10892 12096
 12195 12492 12641 12825 12873]

Generation: 3
[ 4.51566258  2.17140171  6.73211262 13.8762694   0.04706298  4.08628808
  5.75222118  7.51637159  2.91259028  3.28005367  3.30479707  1.
  1.          1.          1.          1.          1.          1.
  1.          1.          1.          1.          1.          1.
  1.          1.          1.          1.          1.          1.
  1.          1.          1.          1.          1.          1.
  1.          1.          1.          1.        ]
Active Features: [  159   579   846  3515  3520  3802  3851  4038  4731  4907  4969  5244
  5406  5712  5787  6589  6936  7294  7963  8885  9902 10073 10892 12096
 12195 12492 12641 12825 12873]

Generation: 4
[ 4.31998091  2.17140171  6.73211262 13.8762694   0.04706298  5.11815632
  5.75222118  7.51637159  2.91259028  3.28005367  3.30479707  1.
  1.          1.          1.          1.          1.          1.
  1.          1.          1.          1.          1.          1.
  1.          1.          1.          1.          1.          1.
  1.          1.          1.        ]
Active Features: [  159   513   579   846  3139  3588  3810  4119  4686  5309  6378  6936
  7294  7898  7963  8488  8885  9902 10073 10672 12641 12990]

Generation: 5
[ 4.31998091  2.17140171  6.73211262 13.8762694   0.04706298  4.08628808
  5.75222118  7.51637159  2.91259028  3.28005367  3.30479707  1.
  1.          1.          1.          1.          1.          1.
  1.          1.          1.          1.          1.          1.
  1.          1.          1.          1.          1.          1.
  1.          1.          1.          1.          1.        ]
Active Features: [  159   513   579   846  1196  1217  3139  3617  3627  3651  3707  3797
  3834  4127  4166  5309  6166  6936  7294  7772  7963  8488  8885 12990]

Generation: 6
[ 4.31998091  2.17140171  6.73211262 13.8762694   0.04706298  4.08628808
  5.75222118  7.56267504  2.91259028  3.28005367  3.30479707  1.
  1.          1.          1.          1.          1.          1.
  1.          1.          1.          1.          1.          1.
  1.          1.          1.          1.          1.          1.
  1.          1.        ]
Active Features: [  159   513   579  1217  2397  3617  3627  3707  3834  4127  4166  5309
  6378  6606  7153  7294  7963  8488  8885  9680 12990]

Generation: 7
[ 2.86612076  1.44848529  9.74187292 86.05506953  0.3277571   3.82753049
  1.13016201  8.57977545  7.23918722  2.12118149  1.91460864  1.
  1.          1.          1.          1.          1.          1.
  1.          1.          1.          1.          1.          1.
  1.          1.          1.          1.          1.          1.
  1.          1.          1.          1.          1.          1.
  1.          1.          1.          1.          1.        ]
Active Features: [  812   943  1805  2249  2430  3080  3588  3627  3651  3707  3834  4554
  4690  5189  7234  7490  7549  8421  8972  9132 10486 10495 10558 10561
 11106 11729 12066 12286 12986 13099]

Generation: 8
[4.31998091 2.17140171 6.73211262 5.91428367 0.04706298 4.08628808
 5.75222118 7.56267504 2.91259028 3.28005367 3.30479707 1.
 1.         1.         1.         1.         1.         1.
 1.         1.         1.         1.         1.         1.
 1.         1.         1.         1.         1.         1.
 1.         1.         1.         1.         1.         1.
 1.         1.        ]
Active Features: [  159   412   513   579  1217  2202  2397  3252  3617  3627  3707  5125
  6618  6684  6792  6836  7153  7294  7399  7963  8488  8885  9680  9721
 10737 12990 13102]

Generation: 9
[4.31998091 2.17140171 6.73211262 5.91428367 0.04706298 4.09718458
 5.75222118 7.56267504 2.91259028 3.28005367 3.30479707 1.
 1.         1.         1.         1.         1.         1.
 1.         1.         1.         1.         1.         1.
 1.         1.         1.         1.         1.         1.
 1.         1.         1.         1.         1.         1.
 1.         1.         1.         1.         1.         1.
 1.        ]
Active Features: [  159   412   430   513   579  1217  2202  2397  3252  3617  3627  3707
  5125  5348  6618  6684  6792  6836  7153  7294  7399  7963  8476  8488
  8885  9680  9721 10737 11708 12112 12990 13102]

Generation: 10
[ 4.31998091  2.17140171  6.73211262 13.8762694   0.04706298  4.08628808
  5.75222118  7.51637159  2.91259028  3.28005367  3.30479707  1.
  1.          1.          1.          1.          1.          1.
  1.          1.          1.        ]
Active Features: [  159   579   846  5293  7772  8488  8885  9095  9551 13099]

Generation: 11
[ 2.86612076  1.58745433  9.74187292 86.05506953  0.3277571   4.58549518
  1.13016201  8.57977545  7.23918722  2.67346136  1.91460864  1.
  1.          1.          1.          1.          1.          1.
  1.          1.          1.          1.          1.          1.
  1.          1.          1.          1.          1.          1.
  1.          1.          1.          1.          1.          1.
  1.          1.          1.          1.          1.          1.        ]
Active Features: [  352   513   579   782   846  1196  1468  1905  3588  3627  3651  3695
  3707  3834  4166  4431  5309  5555  6166  7234  7375  7490  7549  9113
 10486 10495 10558 11106 11729 12043 12986]

Generation: 12
[ 4.31998091  2.17140171  6.73211262 13.8762694   0.04706298  4.08628808
  5.75222118  7.51637159  2.91259028  3.28005367  3.30479707  1.
  1.          1.          1.          1.          1.          1.        ]
Active Features: [  812  2816  2893  4347  4611  5745 10733]

Generation: 13
[ 4.31998091  2.17140171  6.73211262 13.8762694   0.04706298  4.08628808
  5.75222118  7.51637159  2.91259028  3.28005367  3.30479707  1.
  1.          1.          1.          1.          1.        ]
Active Features: [ 2893  4347  4611  5745  7490 10733]

Generation: 14
[ 4.31998091  2.17140171  6.73211262 13.8762694   0.04706298  4.08628808
  5.75222118  7.51637159  2.91259028  3.28005367  3.30479707  1.
  1.          1.          1.          1.          1.        ]
Active Features: [ 2893  4347  4611  5745  7490 10733]

Generation: 15
[ 4.31998091  2.17140171  6.73211262 13.8762694   0.04706298  4.08628808
  5.75222118  7.51637159  2.91259028  3.28005367  3.30479707  1.
  1.          1.          1.          1.          1.        ]
Active Features: [ 2893  4347  4611  5745  7490 10733]

Generation: 16
[ 4.31998091  2.17140171  6.73211262 13.8762694   0.04706298  4.08628808
  5.75222118  7.51637159  2.91259028  3.28005367  3.30479707  1.
  1.          1.          1.          1.          1.        ]
Active Features: [ 2893  4347  4611  5745  7490 10733]

Generation: 17
[ 4.31998091  2.17140171  6.73211262 13.8762694   0.04706298  4.08628808
  5.75222118  7.51637159  2.91259028  3.28005367  3.30479707  1.
  1.          1.          1.          1.          1.        ]
Active Features: [ 2893  4347  4611  5745  7490 10733]

Generation: 18
[ 4.31998091  2.17140171  6.73211262 13.8762694   0.04706298  4.08628808
  5.75222118  7.51637159  2.91259028  3.28005367  3.30479707  1.
  1.          1.          1.          1.          1.        ]
Active Features: [ 2893  4347  4611  5745  7490 10733]

Generation: 19
[ 4.31998091  2.17140171  6.73211262 13.8762694   0.04706298  4.08628808
  5.75222118  7.51637159  2.91259028  3.28005367  3.30479707  1.
  1.          1.          1.          1.          1.        ]
Active Features: [ 2893  4347  4611  5745  7490 10733]

Generation: 20
[ 4.31998091  2.17140171  6.73211262 13.8762694   0.04706298  4.08628808
  5.75222118  7.51637159  2.91259028  3.28005367  3.30479707  1.
  1.          1.          1.          1.          1.        ]
Active Features: [ 2893  4347  4611  5745  7490 10733]

Generation: 21
[ 4.31998091  2.17140171  6.73211262 13.8762694   0.04706298  4.08628808
  5.75222118  7.51637159  2.91259028  3.28005367  3.30479707  1.        ]
Active Features: [4347]

Generation: 22
[ 4.31998091  2.17140171  6.73211262 13.8762694   0.04706298  4.08628808
  5.75222118  7.51637159  2.91259028  3.28005367  3.30479707  1.        ]
Active Features: [4347]

Generation: 23
[ 4.31998091  2.17140171  6.73211262 13.8762694   0.04706298  4.08628808
  5.75222118  7.51637159  2.91259028  3.28005367  3.30479707  1.        ]
Active Features: [4347]

Generation: 24
[ 4.31998091  2.17140171  6.73211262 13.8762694   0.04706298  4.08628808
  5.75222118  7.51637159  2.91259028  3.28005367  3.30479707  1.        ]
Active Features: [4347]

Generation: 25
[ 4.31998091  2.17140171  6.73211262 13.8762694   0.04706298  4.08628808
  5.75222118  9.06528985  2.91259028  3.28005367  3.30479707  1.        ]
Active Features: [4347]

Generation: 26
[ 4.31998091  2.17140171  6.73211262 13.8762694   0.04706298  4.08628808
  5.75222118  9.06528985  2.91259028  3.28005367  3.30479707  1.        ]
Active Features: [4347]

Generation: 27
[ 4.31998091  2.17140171  6.73211262 13.8762694   0.04706298  4.08628808
  5.75222118  7.51637159  2.91259028  3.28005367  3.30479707  1.
  1.        ]
Active Features: [2967 4347]

Generation: 28
[ 4.31998091  2.17140171  6.73211262 13.8762694   0.04706298  4.08628808
  5.75222118  7.51637159  2.91259028  3.28005367  3.30479707  1.
  1.        ]
Active Features: [2967 4347]

Generation: 29
[ 4.31998091  2.17140171  6.73211262 13.8762694   0.04706298  4.08628808
  5.75222118  7.51637159  2.91259028  3.28005367  3.30479707  1.
  1.        ]
Active Features: [2967 4347]

