0.3667540708187433
0.484635247850304
0.5066160012302415
0.503435432688812
0.5040820330777974
0.4972043061902222
0.5090992167431379
0.5139636791733673
0.5144572152658793
0.5230332049269428
0.5225321652696645
0.5235755795157528
0.5316339304755764
0.5263434758604848
0.5387165935073245
0.5351952061338318
0.5367858596711176
0.5458853344570735
0.5440375443253935
0.5352921965393233
0.5124869396903531
0.5300631934634562
0.5224269248770826
0.5668908364002155
0.5499197699020076
0.535868568306138
0.5325157627053964
0.5399754943834587
0.53451198586246
0.5511937411993275
