0.6855400034585617
0.6621534265533151
0.7551974188903489
0.7535756646218406
0.7581078841489512
0.6955064697743533
0.741904584157451
0.7092528389295218
0.7328512541863088
0.7051927538672306
0.699345838892586
0.734721911984675
0.8796483951909085
0.8878478743693125
0.8906931097933825
0.8872491072340776
0.8888294857362705
0.8861971087081756
0.8022290962694674
0.8851452833015653
0.7894272997473984
0.9100813887190642
0.909772644654755
0.9069029038915675
0.9085252511101567
0.8128702307520964
0.9108559994202474
0.9051552325283856
0.9036420881924174
0.8994804534051726
