Pareto: 1 
 [0.90909091 0.6751634  1.         0.52625956 0.63544013 0.65398414
 0.66152505 0.6751634  0.62324675 0.61597403]

Pareto: 2 
 [0.90909091 0.60653595 1.         0.         0.4580272  0.53689093
 0.36796958 0.60653595 0.60688312 0.5       ]

Pareto: 3 
 [0.76923077 0.60653595 1.         0.         0.4580272  0.53689093
 0.36796958 0.60653595 0.52831169 0.5       ]

Pareto: 4 
 [0.71428571 0.60653595 1.         0.         0.4580272  0.53689093
 0.36796958 0.60653595 0.5        0.5       ]

Pareto: 5 
 [0.55555556 0.60653595 1.         0.         0.4580272  0.53689093
 0.36796958 0.60653595 0.5        0.5       ]

Pareto: 6 
 [0.47619048 0.60653595 1.         0.         0.4580272  0.53689093
 0.36796958 0.60653595 0.5        0.5       ]

Pareto: 7 
 [0.47619048 0.60653595 1.         0.         0.4580272  0.53689093
 0.36796958 0.60653595 0.5        0.5       ]

Pareto: 8 
 [0.43478261 0.60653595 1.         0.         0.4580272  0.53689093
 0.36796958 0.60653595 0.5        0.5       ]

Pareto: 9 
 [0.35714286 0.60653595 1.         0.         0.4580272  0.53689093
 0.36796958 0.60653595 0.5        0.5       ]

Pareto: 10 
 [0.32258065 0.60653595 1.         0.         0.4580272  0.53689093
 0.36796958 0.60653595 0.5        0.5       ]

Pareto: 11 
 [0.27777778 0.60653595 1.         0.         0.4580272  0.53689093
 0.36796958 0.60653595 0.5        0.5       ]

Pareto: 12 
 [0.26315789 0.60653595 1.         0.         0.4580272  0.53689093
 0.36796958 0.60653595 0.5        0.5       ]

Pareto: 13 
 [0.25641026 0.60653595 1.         0.         0.4580272  0.53689093
 0.36796958 0.60653595 0.5        0.5       ]

Pareto: 14 
 [0.25       0.60653595 1.         0.         0.4580272  0.53689093
 0.36796958 0.60653595 0.5        0.5       ]

Pareto: 15 
 [0. 0. 0. 0. 0. 0. 0. 0. 0. 0.]

Pareto: 1 
 [0.90909091 0.64052288 1.         0.34421916 0.55922398 0.59865257
 0.60423151 0.64052288 0.65272727 0.55753247]

Pareto: 2 
 [0.83333333 0.61764706 1.         0.2719796  0.53047642 0.57448336
 0.52242064 0.61764706 0.6361039  0.53506494]

Pareto: 3 
 [0.83333333 0.61764706 1.         0.2719796  0.53047642 0.57448336
 0.52242064 0.61764706 0.63207792 0.53506494]

Pareto: 4 
 [0.76923077 0.60653595 1.         0.         0.4580272  0.53689093
 0.36796958 0.60653595 0.5        0.5       ]

Pareto: 5 
 [0.625      0.60653595 1.         0.         0.4580272  0.53689093
 0.36796958 0.60653595 0.5        0.5       ]

Pareto: 6 
 [0.52631579 0.60653595 1.         0.         0.4580272  0.53689093
 0.36796958 0.60653595 0.5        0.5       ]

Pareto: 7 
 [0.43478261 0.60653595 1.         0.         0.4580272  0.53689093
 0.36796958 0.60653595 0.5        0.5       ]

Pareto: 8 
 [0.4        0.60653595 1.         0.         0.4580272  0.53689093
 0.36796958 0.60653595 0.5        0.5       ]

Pareto: 9 
 [0.4        0.60653595 1.         0.         0.4580272  0.53689093
 0.36796958 0.60653595 0.5        0.5       ]

Pareto: 10 
 [0.35714286 0.60653595 1.         0.         0.4580272  0.53689093
 0.36796958 0.60653595 0.5        0.5       ]

Pareto: 11 
 [0.3125     0.60653595 1.         0.         0.4580272  0.53689093
 0.36796958 0.60653595 0.5        0.5       ]

Pareto: 12 
 [0.3125     0.60653595 1.         0.         0.4580272  0.53689093
 0.36796958 0.60653595 0.5        0.5       ]

Pareto: 13 
 [0.27027027 0.60653595 1.         0.         0.4580272  0.53689093
 0.36796958 0.60653595 0.5        0.5       ]

Pareto: 14 
 [0.25641026 0.60653595 1.         0.         0.4580272  0.53689093
 0.36796958 0.60653595 0.5        0.5       ]

Pareto: 15 
 [0.25       0.60653595 1.         0.         0.4580272  0.53689093
 0.36796958 0.60653595 0.5        0.5       ]

Pareto: 16 
 [0.24390244 0.60653595 1.         0.         0.4580272  0.53689093
 0.36796958 0.60653595 0.5        0.5       ]

Pareto: 17 
 [0. 0. 0. 0. 0. 0. 0. 0. 0. 0.]

Pareto: 1 
 [0.90909091 0.69607843 1.         0.50888352 0.64197786 0.66491158
 0.75912076 0.69607843 0.74987013 0.62467532]

Pareto: 2 
 [0.83333333 0.6627451  1.         0.40636979 0.59335345 0.62708475
 0.68993412 0.6627451  0.63116883 0.59220779]

Pareto: 3 
 [0.625      0.6627451  1.         0.40636979 0.59335345 0.62708475
 0.66223703 0.6627451  0.62597403 0.59220779]

Pareto: 4 
 [0.58823529 0.60653595 1.         0.         0.4580272  0.53689093
 0.36796958 0.60653595 0.51038961 0.5       ]

Pareto: 5 
 [0.55555556 0.60653595 1.         0.         0.4580272  0.53689093
 0.36796958 0.60653595 0.5        0.5       ]

Pareto: 6 
 [0.55555556 0.60653595 1.         0.         0.4580272  0.53689093
 0.36796958 0.60653595 0.5        0.5       ]

Pareto: 7 
 [0.5        0.60653595 1.         0.         0.4580272  0.53689093
 0.36796958 0.60653595 0.5        0.5       ]

Pareto: 8 
 [0.45454545 0.60653595 1.         0.         0.4580272  0.53689093
 0.36796958 0.60653595 0.5        0.5       ]

Pareto: 9 
 [0.41666667 0.60653595 1.         0.         0.4580272  0.53689093
 0.36796958 0.60653595 0.5        0.5       ]

Pareto: 10 
 [0.41666667 0.60653595 1.         0.         0.4580272  0.53689093
 0.36796958 0.60653595 0.5        0.5       ]

Pareto: 11 
 [0.38461538 0.60653595 1.         0.         0.4580272  0.53689093
 0.36796958 0.60653595 0.5        0.5       ]

Pareto: 12 
 [0.32258065 0.60653595 1.         0.         0.4580272  0.53689093
 0.36796958 0.60653595 0.5        0.5       ]

Pareto: 13 
 [0.3030303  0.60653595 1.         0.         0.4580272  0.53689093
 0.36796958 0.60653595 0.5        0.5       ]

Pareto: 14 
 [0.28571429 0.60653595 1.         0.         0.4580272  0.53689093
 0.36796958 0.60653595 0.5        0.5       ]

Pareto: 15 
 [0.26315789 0.60653595 1.         0.         0.4580272  0.53689093
 0.36796958 0.60653595 0.5        0.5       ]

Pareto: 16 
 [0.25641026 0.60653595 1.         0.         0.4580272  0.53689093
 0.36796958 0.60653595 0.5        0.5       ]

Pareto: 17 
 [0.24390244 0.60653595 1.         0.         0.4580272  0.53689093
 0.36796958 0.60653595 0.5        0.5       ]

Pareto: 1 
 [0.90909091 0.69673203 1.         0.48983234 0.63602973 0.66140878
 0.78195028 0.69673203 0.69038961 0.61948052]

Pareto: 2 
 [0.76923077 0.64052288 1.         0.41957294 0.57652334 0.60233519
 0.5823484  0.64052288 0.63753247 0.57168831]

Pareto: 3 
 [0.58823529 0.60653595 1.         0.30999312 0.51532162 0.55157814
 0.51444367 0.60653595 0.61714286 0.51324675]

Pareto: 4 
 [0.45454545 0.60653595 1.         0.         0.4580272  0.53689093
 0.36796958 0.60653595 0.51948052 0.5       ]

Pareto: 5 
 [0.45454545 0.60653595 1.         0.         0.4580272  0.53689093
 0.36796958 0.60653595 0.5        0.5       ]

Pareto: 6 
 [0.43478261 0.60653595 1.         0.         0.4580272  0.53689093
 0.36796958 0.60653595 0.5        0.5       ]

Pareto: 7 
 [0.38461538 0.60653595 1.         0.         0.4580272  0.53689093
 0.36796958 0.60653595 0.5        0.5       ]

Pareto: 8 
 [0.3125     0.60653595 1.         0.         0.4580272  0.53689093
 0.36796958 0.60653595 0.5        0.5       ]

Pareto: 9 
 [0.3125     0.60653595 1.         0.         0.4580272  0.53689093
 0.36796958 0.60653595 0.5        0.5       ]

Pareto: 10 
 [0.2173913  0.60653595 1.         0.         0.4580272  0.53689093
 0.36796958 0.60653595 0.5        0.5       ]

Pareto: 1 
 [0.90909091 0.68562092 1.         0.54863464 0.64995454 0.6636337
 0.73423873 0.68562092 0.68311688 0.62597403]

Pareto: 2 
 [0.83333333 0.68562092 1.         0.54863464 0.64995454 0.6636337
 0.73423873 0.68562092 0.65025974 0.62597403]

Pareto: 3 
 [0.76923077 0.61699346 1.         0.46387682 0.57428174 0.59451228
 0.62431839 0.61699346 0.62597403 0.56441558]

Pareto: 4 
 [0.71428571 0.61699346 1.         0.46387682 0.57428174 0.59451228
 0.62431839 0.61699346 0.59077922 0.56441558]

Pareto: 5 
 [0.625      0.60653595 1.         0.         0.4580272  0.53689093
 0.36796958 0.60653595 0.5        0.5       ]

Pareto: 6 
 [0.55555556 0.60653595 1.         0.         0.4580272  0.53689093
 0.36796958 0.60653595 0.5        0.5       ]

Pareto: 7 
 [0.5        0.60653595 1.         0.         0.4580272  0.53689093
 0.36796958 0.60653595 0.5        0.5       ]

Pareto: 8 
 [0.28571429 0.60653595 1.         0.         0.4580272  0.53689093
 0.36796958 0.60653595 0.5        0.5       ]

Pareto: 9 
 [0.25641026 0.60653595 1.         0.         0.4580272  0.53689093
 0.36796958 0.60653595 0.5        0.5       ]

Pareto: 10 
 [0.19230769 0.60653595 1.         0.         0.4580272  0.53689093
 0.36796958 0.60653595 0.5        0.5       ]

Pareto: 1 
 [0.90909091 0.64117647 1.         0.46889215 0.59519367 0.61593827
 0.64732526 0.64117647 0.70116883 0.57402597]

Pareto: 2 
 [0.76923077 0.64117647 1.         0.3721934  0.57163115 0.60522807
 0.59564763 0.64117647 0.66155844 0.56363636]

Pareto: 3 
 [0.71428571 0.64117647 1.         0.3721934  0.57163115 0.60522807
 0.59564763 0.64117647 0.64155844 0.56363636]

Pareto: 4 
 [0.625      0.64117647 1.         0.3721934  0.57163115 0.60522807
 0.59564763 0.64117647 0.64155844 0.56363636]

Pareto: 5 
 [0.52631579 0.62875817 1.         0.31736387 0.54417005 0.58739239
 0.57146423 0.62875817 0.63571429 0.54935065]

Pareto: 6 
 [0.5        0.60653595 1.         0.         0.4580272  0.53689093
 0.36796958 0.60653595 0.5        0.5       ]

Pareto: 7 
 [0.43478261 0.60653595 1.         0.         0.4580272  0.53689093
 0.36796958 0.60653595 0.5        0.5       ]

Pareto: 8 
 [0.41666667 0.60653595 1.         0.         0.4580272  0.53689093
 0.36796958 0.60653595 0.5        0.5       ]

Pareto: 1 
 [0.90909091 0.6751634  1.         0.51595912 0.62994335 0.6504449
 0.73417128 0.6751634  0.69441558 0.61506494]

Pareto: 2 
 [0.83333333 0.64183007 1.         0.49030468 0.59594864 0.61850124
 0.6711149  0.64183007 0.63233766 0.5825974 ]

Pareto: 3 
 [0.625      0.64183007 1.         0.44036623 0.59594864 0.61850124
 0.63225763 0.64183007 0.62220779 0.5825974 ]

Pareto: 4 
 [0.52631579 0.60653595 1.         0.41467187 0.54297029 0.56805967
 0.60864966 0.60653595 0.5774026  0.52636364]

Pareto: 5 
 [0.35714286 0.60653595 1.         0.34820936 0.50664308 0.53689093
 0.53791939 0.60653595 0.53311688 0.5       ]

Pareto: 6 
 [0.32258065 0.60653595 1.         0.         0.4580272  0.53689093
 0.36796958 0.60653595 0.5        0.5       ]

Pareto: 1 
 [0.83333333 0.65294118 1.         0.51636785 0.61338996 0.63083133
 0.66728525 0.65294118 0.68662338 0.60207792]

Pareto: 2 
 [0.83333333 0.65163399 1.         0.4196741  0.59332065 0.62006466
 0.63994579 0.65163399 0.66       0.58220779]

Pareto: 3 
 [0.55555556 0.60653595 1.         0.36044513 0.53757705 0.56672537
 0.55982962 0.60653595 0.62714286 0.53064935]

Pareto: 4 
 [0.45454545 0.60653595 1.         0.         0.4580272  0.53689093
 0.36796958 0.60653595 0.5938961  0.5       ]

Pareto: 5 
 [0.43478261 0.60653595 1.         0.         0.4580272  0.53689093
 0.36796958 0.60653595 0.5938961  0.5       ]

Pareto: 6 
 [0.33333333 0.60653595 1.         0.         0.4580272  0.53689093
 0.36796958 0.60653595 0.5        0.5       ]

Pareto: 7 
 [0.32258065 0.60653595 1.         0.         0.4580272  0.53689093
 0.36796958 0.60653595 0.5        0.5       ]

Pareto: 8 
 [0.3125     0.60653595 1.         0.         0.4580272  0.53689093
 0.36796958 0.60653595 0.5        0.5       ]

Pareto: 9 
 [0.27777778 0.60653595 1.         0.         0.4580272  0.53689093
 0.36796958 0.60653595 0.5        0.5       ]

Pareto: 10 
 [0.24390244 0.60653595 1.         0.         0.4580272  0.53689093
 0.36796958 0.60653595 0.5        0.5       ]

Pareto: 1 
 [0.90909091 0.6745098  1.         0.49666809 0.62367027 0.6470333
 0.71175297 0.6745098  0.70714286 0.61077922]

Pareto: 2 
 [0.76923077 0.6745098  1.         0.49666809 0.62367027 0.6470333
 0.71175297 0.6745098  0.67246753 0.61077922]

Pareto: 3 
 [0.58823529 0.62875817 1.         0.32131105 0.51453204 0.57232314
 0.56330065 0.62875817 0.64025974 0.53376623]

Pareto: 4 
 [0.55555556 0.60653595 1.         0.09669876 0.4580272  0.53689093
 0.39958696 0.60653595 0.60519481 0.5       ]

Pareto: 5 
 [0.52631579 0.60653595 1.         0.         0.4580272  0.53689093
 0.36796958 0.60653595 0.5        0.5       ]

Pareto: 6 
 [0.47619048 0.60653595 1.         0.         0.4580272  0.53689093
 0.36796958 0.60653595 0.5        0.5       ]

Pareto: 7 
 [0.43478261 0.60653595 1.         0.         0.4580272  0.53689093
 0.36796958 0.60653595 0.5        0.5       ]

Pareto: 8 
 [0.4        0.60653595 1.         0.         0.4580272  0.53689093
 0.36796958 0.60653595 0.5        0.5       ]

Pareto: 9 
 [0.37037037 0.60653595 1.         0.         0.4580272  0.53689093
 0.36796958 0.60653595 0.5        0.5       ]

Pareto: 10 
 [0.35714286 0.60653595 1.         0.         0.4580272  0.53689093
 0.36796958 0.60653595 0.5        0.5       ]

Pareto: 11 
 [0.34482759 0.60653595 1.         0.         0.4580272  0.53689093
 0.36796958 0.60653595 0.5        0.5       ]

Pareto: 12 
 [0.3030303  0.60653595 1.         0.         0.4580272  0.53689093
 0.36796958 0.60653595 0.5        0.5       ]

Pareto: 1 
 [0.83333333 0.66339869 1.         0.44189706 0.6072118  0.63325523
 0.64807488 0.66339869 0.69298701 0.5974026 ]

Pareto: 2 
 [0.76923077 0.63986928 1.         0.36684714 0.56363882 0.60205155
 0.57222613 0.63986928 0.67909091 0.56883117]

Pareto: 3 
 [0.625      0.63986928 1.         0.33253493 0.56363882 0.60205155
 0.55649472 0.63986928 0.66493506 0.56883117]

Pareto: 4 
 [0.52631579 0.63986928 1.         0.33253493 0.56363882 0.60205155
 0.55649472 0.63986928 0.65714286 0.56883117]

Pareto: 5 
 [0.47619048 0.60653595 1.         0.29459162 0.5246951  0.56154314
 0.50074465 0.60653595 0.55753247 0.52636364]

Pareto: 6 
 [0.45454545 0.60653595 1.         0.         0.4580272  0.53689093
 0.36796958 0.60653595 0.5        0.5       ]

Pareto: 7 
 [0.43478261 0.60653595 1.         0.         0.4580272  0.53689093
 0.36796958 0.60653595 0.5        0.5       ]

Pareto: 8 
 [0.34482759 0.60653595 1.         0.         0.4580272  0.53689093
 0.36796958 0.60653595 0.5        0.5       ]

Pareto: 9 
 [0.33333333 0.60653595 1.         0.         0.4580272  0.53689093
 0.36796958 0.60653595 0.5        0.5       ]

Pareto: 1 
 [0.90909091 0.65098039 1.         0.42865551 0.58142815 0.60813208
 0.66379706 0.65098039 0.68766234 0.5725974 ]

Pareto: 2 
 [0.58823529 0.65098039 1.         0.3971943  0.56961702 0.60813208
 0.66379706 0.65098039 0.6838961  0.56571429]

Pareto: 3 
 [0.52631579 0.63986928 1.         0.3971943  0.55517013 0.59377944
 0.65885425 0.63986928 0.65012987 0.55142857]

Pareto: 4 
 [0.45454545 0.63986928 1.         0.34873352 0.55517013 0.59377944
 0.65885425 0.63986928 0.65012987 0.55142857]

Pareto: 5 
 [0.43478261 0.63986928 1.         0.32239697 0.55093683 0.59377944
 0.65885425 0.63986928 0.64883117 0.55142857]

Pareto: 6 
 [0.4        0.63986928 1.         0.32239697 0.55093683 0.59377944
 0.65885425 0.63986928 0.62415584 0.55142857]

Pareto: 7 
 [0.37037037 0.62875817 1.         0.24680408 0.52818095 0.57859206
 0.57668287 0.62875817 0.60987013 0.53714286]

Pareto: 1 
 [0.90909091 0.69607843 1.         0.45355737 0.62163576 0.65458327
 0.80028011 0.69607843 0.6812987  0.61428571]

Pareto: 2 
 [0.76923077 0.6745098  1.         0.44131803 0.61471498 0.6411797
 0.68353123 0.6745098  0.67337662 0.60649351]

Pareto: 3 
 [0.58823529 0.66339869 1.         0.41676237 0.59603479 0.62682706
 0.67862927 0.66339869 0.66415584 0.59220779]

Pareto: 4 
 [0.55555556 0.66339869 1.         0.41000643 0.59603479 0.62682706
 0.67858842 0.66339869 0.63506494 0.59220779]

Pareto: 5 
 [0.43478261 0.62875817 1.         0.40012486 0.55381741 0.580436
 0.59418508 0.62875817 0.60207792 0.55623377]

Pareto: 6 
 [0.38461538 0.61764706 0.93483333 0.19619743 0.51102574 0.56608336
 0.49989406 0.61764706 0.59818182 0.53506494]

Pareto: 1 
 [0.90909091 0.76470588 1.         0.68831558 0.74753854 0.75467858
 0.7665508  0.76470588 0.73025974 0.73025974]

Pareto: 2 
 [0.76923077 0.71830065 1.         0.56834273 0.67873865 0.69370986
 0.76128618 0.71830065 0.6861039  0.65233766]

Pareto: 3 
 [0.55555556 0.66405229 1.         0.43830549 0.59939187 0.62734744
 0.67487291 0.66405229 0.66246753 0.59350649]

Pareto: 4 
 [0.47619048 0.66405229 1.         0.35225512 0.58793361 0.62734744
 0.56229666 0.66405229 0.64844156 0.5912987 ]

Pareto: 5 
 [0.38461538 0.66405229 0.93866667 0.35225512 0.58793361 0.62734744
 0.56229666 0.66405229 0.64844156 0.5912987 ]

Pareto: 6 
 [0.29411765 0.66405229 0.93866667 0.35225512 0.58793361 0.62734744
 0.56229666 0.66405229 0.64844156 0.5912987 ]

Pareto: 7 
 [0.28571429 0.66405229 0.93866667 0.35225512 0.58793361 0.62734744
 0.56229666 0.66405229 0.64844156 0.5912987 ]

Pareto: 8 
 [0.26315789 0.66405229 0.93866667 0.35225512 0.58793361 0.62734744
 0.56229666 0.66405229 0.64844156 0.5912987 ]

Pareto: 9 
 [0.25       0.66405229 0.93866667 0.35225512 0.58793361 0.62734744
 0.56229666 0.66405229 0.64844156 0.5912987 ]

Pareto: 10 
 [0.24390244 0.66405229 0.93866667 0.35225512 0.58793361 0.62734744
 0.56229666 0.66405229 0.64844156 0.5912987 ]

Pareto: 11 
 [0.23809524 0.66405229 0.93866667 0.35225512 0.58793361 0.62734744
 0.56229666 0.66405229 0.64844156 0.5912987 ]

Pareto: 1 
 [0.90909091 0.76339869 1.         0.70822269 0.75372844 0.75691846
 0.77429537 0.76339869 0.72935065 0.72935065]

Pareto: 2 
 [0.83333333 0.76339869 1.         0.70822269 0.75372844 0.75691846
 0.77429537 0.76339869 0.72935065 0.72935065]

Pareto: 3 
 [0.71428571 0.65098039 1.         0.53654237 0.5996813  0.60662783
 0.66198711 0.65098039 0.66883117 0.58090909]

Pareto: 4 
 [0.66666667 0.64117647 1.         0.3301502  0.55594735 0.59385432
 0.56473591 0.64117647 0.64974026 0.55974026]

Pareto: 5 
 [0.625      0.63006536 1.         0.3301502  0.55594735 0.59385432
 0.52233466 0.63006536 0.64103896 0.55974026]

Pareto: 6 
 [0.41666667 0.62875817 1.         0.3301502  0.55594735 0.59385432
 0.52233466 0.62875817 0.55974026 0.55974026]

Pareto: 7 
 [0.41666667 0.62875817 1.         0.3301502  0.55594735 0.59385432
 0.52233466 0.62875817 0.55974026 0.55974026]

Pareto: 8 
 [0.29411765 0.62875817 0.98545455 0.3301502  0.55594735 0.59385432
 0.52233466 0.62875817 0.55974026 0.55974026]

Pareto: 9 
 [0.25       0.62875817 0.94666667 0.3301502  0.55594735 0.59385432
 0.52233466 0.62875817 0.55974026 0.55974026]

Pareto: 1 
 [0.90909091 0.76470588 1.         0.7112761  0.75668642 0.7580989
 0.78358328 0.76470588 0.73116883 0.73116883]

Pareto: 2 
 [0.83333333 0.76470588 1.         0.7112761  0.75668642 0.7580989
 0.78358328 0.76470588 0.73116883 0.73116883]

Pareto: 3 
 [0.83333333 0.67320261 1.         0.47527944 0.62539404 0.6489941
 0.63401765 0.67320261 0.68805195 0.61506494]

Pareto: 4 
 [0.625      0.67320261 1.         0.47527944 0.62539404 0.6489941
 0.63401765 0.67320261 0.62480519 0.61506494]

Pareto: 5 
 [0.52631579 0.67320261 1.         0.47527944 0.62539404 0.6489941
 0.62278983 0.67320261 0.61506494 0.61506494]

Pareto: 6 
 [0.52631579 0.67320261 0.93333333 0.47527944 0.62539404 0.6489941
 0.62278983 0.67320261 0.61506494 0.61506494]

Pareto: 7 
 [0.45454545 0.67320261 0.93333333 0.47527944 0.62539404 0.6489941
 0.62278983 0.67320261 0.61506494 0.61506494]

Pareto: 8 
 [0.45454545 0.67320261 0.93333333 0.47527944 0.62539404 0.6489941
 0.62278983 0.67320261 0.61506494 0.61506494]

Pareto: 9 
 [0.45454545 0.65098039 0.93333333 0.42251688 0.59301095 0.6219866
 0.59243269 0.65098039 0.59168831 0.58649351]

Pareto: 10 
 [0.4        0.60653595 0.6        0.         0.4580272  0.53689093
 0.36796958 0.60653595 0.48181818 0.5       ]

Pareto: 11 
 [0.38461538 0.60653595 0.6        0.         0.4580272  0.53689093
 0.36796958 0.60653595 0.48181818 0.5       ]

Pareto: 1 
 [0.90909091 0.76339869 1.         0.70186593 0.74960289 0.75459138
 0.78276437 0.76339869 0.73116883 0.73116883]

Pareto: 2 
 [0.83333333 0.68627451 1.         0.54077134 0.64788783 0.66355953
 0.71013655 0.68627451 0.66909091 0.62597403]

Pareto: 3 
 [0.76923077 0.68627451 1.         0.54077134 0.64788783 0.66355953
 0.71013655 0.68627451 0.65649351 0.62597403]

Pareto: 4 
 [0.625      0.68627451 1.         0.54077134 0.64788783 0.66355953
 0.71013655 0.68627451 0.63896104 0.62597403]

Pareto: 5 
 [0.625      0.68627451 1.         0.54077134 0.64788783 0.66355953
 0.71013655 0.68627451 0.63896104 0.62597403]

Pareto: 6 
 [0.52631579 0.68627451 1.         0.54077134 0.64788783 0.66355953
 0.71013655 0.68627451 0.63896104 0.62597403]

Pareto: 7 
 [0.41666667 0.60653595 1.         0.         0.4580272  0.53689093
 0.36796958 0.60653595 0.56428571 0.5       ]

Pareto: 8 
 [0.4        0.58431373 0.984      0.         0.44678837 0.52013466
 0.36202823 0.58431373 0.49220779 0.48181818]

Pareto: 1 
 [0.90909091 0.76470588 1.         0.70404405 0.75324858 0.75638951
 0.78858784 0.76470588 0.73935065 0.73025974]

Pareto: 2 
 [0.83333333 0.76470588 1.         0.70404405 0.75324858 0.75638951
 0.78858784 0.76470588 0.73025974 0.73025974]

Pareto: 3 
 [0.76923077 0.64183007 1.         0.32143704 0.56584736 0.60404533
 0.55953317 0.64183007 0.64415584 0.56363636]

Pareto: 4 
 [0.76923077 0.64183007 1.         0.32143704 0.56584736 0.60404533
 0.55953317 0.64183007 0.58051948 0.56363636]

Pareto: 5 
 [0.66666667 0.60653595 1.         0.25080857 0.4970813  0.54328281
 0.46902693 0.60653595 0.56701299 0.50519481]

Pareto: 6 
 [0.625      0.60653595 1.         0.25080857 0.4970813  0.53689093
 0.46902693 0.60653595 0.56701299 0.5       ]

Pareto: 7 
 [0.55555556 0.60653595 1.         0.         0.4580272  0.53689093
 0.36796958 0.60653595 0.5        0.5       ]

Pareto: 8 
 [0.47619048 0.60653595 1.         0.         0.4580272  0.53689093
 0.36796958 0.60653595 0.5        0.5       ]

Pareto: 9 
 [0.41666667 0.60653595 1.         0.         0.4580272  0.53689093
 0.36796958 0.60653595 0.5        0.5       ]

Pareto: 10 
 [0.3125     0.60653595 1.         0.         0.4580272  0.53689093
 0.36796958 0.60653595 0.5        0.5       ]

Pareto: 11 
 [0.3030303  0.60653595 1.         0.         0.4580272  0.53689093
 0.36796958 0.60653595 0.5        0.5       ]

Pareto: 1 
 [0.90909091 0.76405229 1.         0.70356562 0.75165536 0.75661119
 0.76591252 0.76405229 0.7361039  0.73025974]

Pareto: 2 
 [0.83333333 0.76405229 1.         0.70356562 0.75165536 0.75661119
 0.76591252 0.76405229 0.73025974 0.73025974]

Pareto: 3 
 [0.76923077 0.76405229 1.         0.70356562 0.75165536 0.75661119
 0.76591252 0.76405229 0.73025974 0.73025974]

Pareto: 4 
 [0.71428571 0.76405229 1.         0.70356562 0.75165536 0.75661119
 0.76591252 0.76405229 0.73025974 0.73025974]

Pareto: 5 
 [0.66666667 0.76405229 1.         0.70356562 0.75165536 0.75661119
 0.76591252 0.76405229 0.73025974 0.73025974]

Pareto: 6 
 [0.625      0.76405229 1.         0.70356562 0.75165536 0.75661119
 0.76591252 0.76405229 0.73025974 0.73025974]

Pareto: 7 
 [0.55555556 0.69607843 1.         0.56601449 0.66279831 0.67677811
 0.70237084 0.69607843 0.64714286 0.63935065]

Pareto: 8 
 [0.5        0.68496732 1.         0.55992131 0.65291486 0.66703005
 0.68059835 0.68496732 0.64324675 0.63025974]

Pareto: 9 
 [0.5        0.60653595 0.98666667 0.         0.4580272  0.53689093
 0.36796958 0.60653595 0.53       0.5       ]

Pareto: 10 
 [0. 0. 0. 0. 0. 0. 0. 0. 0. 0.]

Pareto: 1 
 [0.90909091 0.70653595 1.         0.53375346 0.66426036 0.68477792
 0.68257534 0.70653595 0.73116883 0.65974026]

Pareto: 2 
 [0.76923077 0.70653595 1.         0.53375346 0.66426036 0.68477792
 0.67452823 0.70653595 0.73116883 0.65974026]

Pareto: 3 
 [0.71428571 0.70653595 1.         0.53375346 0.66426036 0.68477792
 0.67452823 0.70653595 0.69688312 0.65974026]

Pareto: 4 
 [0.66666667 0.60653595 1.         0.09669876 0.46431915 0.53689093
 0.40148356 0.60653595 0.55571429 0.5       ]

Pareto: 5 
 [0.625      0.60653595 1.         0.         0.4580272  0.53689093
 0.36796958 0.60653595 0.5        0.5       ]

Pareto: 6 
 [0.55555556 0.60653595 1.         0.         0.4580272  0.53689093
 0.36796958 0.60653595 0.5        0.5       ]

Pareto: 7 
 [0.5        0.60653595 1.         0.         0.4580272  0.53689093
 0.36796958 0.60653595 0.5        0.5       ]

Pareto: 8 
 [0.47619048 0.60653595 1.         0.         0.4580272  0.53689093
 0.36796958 0.60653595 0.5        0.5       ]

Pareto: 9 
 [0.4        0.60653595 1.         0.         0.4580272  0.53689093
 0.36796958 0.60653595 0.5        0.5       ]

Pareto: 1 
 [0.90909091 0.76601307 1.         0.6960154  0.75140902 0.75732215
 0.7667999  0.76601307 0.73025974 0.73025974]

Pareto: 2 
 [0.83333333 0.76601307 1.         0.6960154  0.75140902 0.75732215
 0.7667999  0.76601307 0.73025974 0.73025974]

Pareto: 3 
 [0.76923077 0.76601307 1.         0.6960154  0.75140902 0.75732215
 0.7667999  0.76601307 0.73025974 0.73025974]

Pareto: 4 
 [0.71428571 0.69738562 1.         0.52467806 0.64957801 0.67022408
 0.72809973 0.69738562 0.65012987 0.62987013]

Pareto: 5 
 [0.58823529 0.60653595 0.97333333 0.21938161 0.50090483 0.54877161
 0.52769608 0.60653595 0.55285714 0.50558442]

Pareto: 6 
 [0.52631579 0.57254902 0.94285714 0.06446584 0.45197252 0.5162506
 0.37953626 0.57254902 0.47701299 0.47701299]

Pareto: 7 
 [0.47619048 0.57254902 0.94285714 0.06446584 0.45197252 0.5162506
 0.37953626 0.57254902 0.47701299 0.47701299]

Pareto: 1 
 [0.90909091 0.69803922 1.         0.53854084 0.65491372 0.6763527
 0.70327372 0.69803922 0.73025974 0.64454545]

Pareto: 2 
 [0.90909091 0.69803922 1.         0.53854084 0.65491372 0.6763527
 0.70327372 0.69803922 0.73025974 0.64454545]

Pareto: 3 
 [0.76923077 0.69803922 1.         0.50864747 0.65491372 0.6763527
 0.65182417 0.69803922 0.73025974 0.64454545]

Pareto: 4 
 [0.71428571 0.69803922 1.         0.50864747 0.65491372 0.6763527
 0.65182417 0.69803922 0.73025974 0.64454545]

Pareto: 5 
 [0.66666667 0.63986928 1.         0.40761011 0.5800161  0.60963217
 0.60609132 0.63986928 0.57831169 0.57402597]

Pareto: 6 
 [0.625      0.60653595 1.         0.         0.4580272  0.53689093
 0.36796958 0.60653595 0.5        0.5       ]

Pareto: 7 
 [0.47619048 0.60653595 0.97333333 0.         0.4580272  0.53689093
 0.36796958 0.60653595 0.48961039 0.5       ]

Pareto: 8 
 [0.41666667 0.53986928 0.97212121 0.         0.42251251 0.48546651
 0.34844798 0.53986928 0.44675325 0.44545455]

Pareto: 9 
 [0. 0. 0. 0. 0. 0. 0. 0. 0. 0.]

Pareto: 1 
 [0.90909091 0.76535948 1.         0.70462591 0.75372898 0.75833831
 0.76570962 0.76535948 0.73909091 0.73116883]

Pareto: 2 
 [0.90909091 0.71830065 1.         0.61118796 0.68923563 0.70206834
 0.75708061 0.71830065 0.73116883 0.67402597]

Pareto: 3 
 [0.76923077 0.71830065 1.         0.61118796 0.68923563 0.70206834
 0.74119981 0.71830065 0.72545455 0.67402597]

Pareto: 4 
 [0.76923077 0.68431373 1.         0.54283514 0.64733231 0.66274114
 0.73228758 0.68431373 0.66467532 0.62324675]

Pareto: 5 
 [0.625      0.60653595 1.         0.06837635 0.46547783 0.53689093
 0.39253749 0.60653595 0.60597403 0.5       ]

Pareto: 6 
 [0.52631579 0.60653595 1.         0.06837635 0.46547783 0.53689093
 0.39253749 0.60653595 0.5        0.5       ]

Pareto: 7 
 [0.5        0.60653595 1.         0.05582905 0.4580272  0.53689093
 0.36796958 0.60653595 0.5        0.5       ]

Pareto: 8 
 [0.4        0.58300654 0.98149425 0.         0.44617534 0.51925325
 0.36151053 0.58300654 0.46571429 0.48      ]

Pareto: 9 
 [0.33333333 0.58300654 0.96816092 0.         0.44617534 0.51925325
 0.36151053 0.58300654 0.46571429 0.48      ]

Pareto: 10 
 [0. 0. 0. 0. 0. 0. 0. 0. 0. 0.]

Pareto: 1 
 [0.90909091 0.76405229 1.         0.7064022  0.75285589 0.75710916
 0.76844849 0.76405229 0.75220779 0.73025974]

Pareto: 2 
 [0.83333333 0.76405229 1.         0.7064022  0.75285589 0.75710916
 0.76668378 0.76405229 0.73025974 0.73025974]

Pareto: 3 
 [0.76923077 0.76405229 1.         0.7064022  0.75285589 0.75710916
 0.76668378 0.76405229 0.73025974 0.73025974]

Pareto: 4 
 [0.71428571 0.76405229 1.         0.7064022  0.75285589 0.75710916
 0.76668378 0.76405229 0.73025974 0.73025974]

Pareto: 5 
 [0.66666667 0.76405229 1.         0.7064022  0.75285589 0.75710916
 0.76668378 0.76405229 0.73025974 0.73025974]

Pareto: 6 
 [0.58823529 0.60653595 1.         0.         0.4580272  0.53689093
 0.36796958 0.60653595 0.5        0.5       ]

Pareto: 7 
 [0. 0. 0. 0. 0. 0. 0. 0. 0. 0.]

Pareto: 1 
 [0.90909091 0.76535948 1.         0.69296315 0.74898696 0.75544965
 0.7694071  0.76535948 0.74649351 0.73025974]

Pareto: 2 
 [0.83333333 0.76535948 1.         0.69296315 0.74898696 0.75544965
 0.7694071  0.76535948 0.73025974 0.73025974]

Pareto: 3 
 [0.76923077 0.76535948 1.         0.69296315 0.74898696 0.75544965
 0.7694071  0.76535948 0.73025974 0.73025974]

Pareto: 4 
 [0.71428571 0.76535948 1.         0.69296315 0.74898696 0.75544965
 0.7694071  0.76535948 0.73025974 0.73025974]

Pareto: 5 
 [0.66666667 0.76535948 1.         0.69296315 0.74898696 0.75544965
 0.7694071  0.76535948 0.73025974 0.73025974]

Pareto: 6 
 [0.625      0.76535948 1.         0.69296315 0.74898696 0.75544965
 0.7694071  0.76535948 0.73025974 0.73025974]

Pareto: 7 
 [0.55555556 0.68562092 1.         0.45557299 0.63005667 0.65567713
 0.68501317 0.68562092 0.68181818 0.61467532]

Pareto: 1 
 [0.90909091 0.76470588 1.         0.70118249 0.75118379 0.75672202
 0.76607461 0.76470588 0.76974026 0.73025974]

Pareto: 2 
 [0.83333333 0.76470588 1.         0.70118249 0.75118379 0.75672202
 0.76607461 0.76470588 0.73025974 0.73025974]

Pareto: 3 
 [0.71428571 0.76470588 1.         0.70118249 0.75118379 0.75672202
 0.76607461 0.76470588 0.73025974 0.73025974]

Pareto: 4 
 [0.66666667 0.76470588 1.         0.70118249 0.75118379 0.75672202
 0.76607461 0.76470588 0.73025974 0.73025974]

Pareto: 5 
 [0.66666667 0.76470588 1.         0.70118249 0.75118379 0.75672202
 0.76607461 0.76470588 0.73025974 0.73025974]

Pareto: 6 
 [0.58823529 0.76470588 1.         0.70118249 0.75118379 0.75672202
 0.76607461 0.76470588 0.73025974 0.73025974]

Pareto: 7 
 [0.58823529 0.76470588 1.         0.70118249 0.75118379 0.75672202
 0.76607461 0.76470588 0.73025974 0.73025974]

Pareto: 8 
 [0.58823529 0.76470588 1.         0.70118249 0.75118379 0.75672202
 0.76607461 0.76470588 0.73025974 0.73025974]

Pareto: 9 
 [0.34482759 0.61830065 0.93333333 0.2647759  0.53005498 0.57496112
 0.54657044 0.61830065 0.62025974 0.53324675]

Pareto: 10 
 [0. 0. 0. 0. 0. 0. 0. 0. 0. 0.]

Pareto: 1 
 [0.90909091 0.70784314 1.         0.57819118 0.67475905 0.68703525
 0.75097611 0.70784314 0.75584416 0.64935065]

Pareto: 2 
 [0.90909091 0.69542484 1.         0.5194536  0.65325549 0.67443708
 0.64248458 0.69542484 0.73116883 0.64545455]

Pareto: 3 
 [0.76923077 0.69542484 1.         0.5194536  0.65325549 0.67443708
 0.64248458 0.69542484 0.73116883 0.64545455]

Pareto: 4 
 [0.76923077 0.69542484 1.         0.5194536  0.65325549 0.67443708
 0.64248458 0.69542484 0.73116883 0.64545455]

Pareto: 5 
 [0.71428571 0.69542484 1.         0.5194536  0.65325549 0.67443708
 0.64248458 0.69542484 0.73116883 0.64545455]

Pareto: 6 
 [0.66666667 0.63006536 1.         0.2974108  0.54911533 0.58966752
 0.55393093 0.63006536 0.65480519 0.54935065]

Pareto: 7 
 [0.66666667 0.60653595 1.         0.         0.4580272  0.53689093
 0.36796958 0.60653595 0.5        0.5       ]

Pareto: 8 
 [0.5        0.60653595 1.         0.         0.4580272  0.53689093
 0.36796958 0.60653595 0.5        0.5       ]

Pareto: 9 
 [0.47619048 0.60653595 1.         0.         0.4580272  0.53689093
 0.36796958 0.60653595 0.5        0.5       ]

Pareto: 10 
 [0.41666667 0.60653595 1.         0.         0.4580272  0.53689093
 0.36796958 0.60653595 0.5        0.5       ]

Pareto: 11 
 [0.38461538 0.60653595 0.97333333 0.         0.4580272  0.53689093
 0.36796958 0.60653595 0.5        0.5       ]

Pareto: 12 
 [0. 0. 0. 0. 0. 0. 0. 0. 0. 0.]

Pareto: 1 
 [0.90909091 0.76405229 1.         0.71033227 0.75468904 0.75817612
 0.80950145 0.76405229 0.77051948 0.73025974]

Pareto: 2 
 [0.76923077 0.76405229 1.         0.71033227 0.75468904 0.75817612
 0.76617707 0.76405229 0.73025974 0.73025974]

Pareto: 3 
 [0.71428571 0.76405229 1.         0.71033227 0.75468904 0.75817612
 0.76617707 0.76405229 0.73025974 0.73025974]

Pareto: 4 
 [0.71428571 0.76405229 1.         0.71033227 0.75468904 0.75817612
 0.76617707 0.76405229 0.73025974 0.73025974]

Pareto: 5 
 [0.625      0.76405229 1.         0.71033227 0.75468904 0.75817612
 0.76617707 0.76405229 0.73025974 0.73025974]

Pareto: 6 
 [0.625      0.76405229 1.         0.71033227 0.75468904 0.75817612
 0.76617707 0.76405229 0.73025974 0.73025974]

Pareto: 7 
 [0.5        0.60653595 1.         0.06837635 0.4580272  0.53689093
 0.38671387 0.60653595 0.51805195 0.5       ]

Pareto: 8 
 [0. 0. 0. 0. 0. 0. 0. 0. 0. 0.]

Pareto: 1 
 [0.90909091 0.76405229 1.         0.71080122 0.75524336 0.75833127
 0.76798619 0.76405229 0.73324675 0.73025974]

Pareto: 2 
 [0.83333333 0.76405229 1.         0.71080122 0.75524336 0.75833127
 0.76798619 0.76405229 0.73025974 0.73025974]

Pareto: 3 
 [0.76923077 0.76405229 1.         0.71080122 0.75524336 0.75833127
 0.76798619 0.76405229 0.73025974 0.73025974]

Pareto: 4 
 [0.71428571 0.6751634  1.         0.48339778 0.63141116 0.65090494
 0.65662024 0.6751634  0.67532468 0.61688312]

Pareto: 5 
 [0.66666667 0.6751634  1.         0.48339778 0.63141116 0.65090494
 0.65662024 0.6751634  0.67532468 0.61688312]

Pareto: 6 
 [0.58823529 0.60653595 1.         0.         0.4580272  0.53689093
 0.36796958 0.60653595 0.5        0.5       ]

Pareto: 7 
 [0.55555556 0.60653595 1.         0.         0.4580272  0.53689093
 0.36796958 0.60653595 0.5        0.5       ]

Pareto: 8 
 [0.52631579 0.60653595 1.         0.         0.4580272  0.53689093
 0.36796958 0.60653595 0.5        0.5       ]

Pareto: 9 
 [0. 0. 0. 0. 0. 0. 0. 0. 0. 0.]

Pareto: 1 
 [0.90909091 0.7627451  1.         0.7086595  0.75387304 0.75679141
 0.7687219  0.7627451  0.76818182 0.72844156]

Pareto: 2 
 [0.76923077 0.7627451  1.         0.7086595  0.75387304 0.75679141
 0.7687219  0.7627451  0.72844156 0.72844156]

Pareto: 3 
 [0.66666667 0.67320261 1.         0.47642477 0.62306014 0.64837018
 0.61537937 0.67320261 0.70220779 0.62207792]

Pareto: 4 
 [0.625      0.67320261 1.         0.47642477 0.62306014 0.64837018
 0.61537937 0.67320261 0.66623377 0.62207792]

Pareto: 5 
 [0.55555556 0.60653595 1.         0.         0.4580272  0.53689093
 0.36796958 0.60653595 0.5        0.5       ]

Pareto: 6 
 [0.4        0.60653595 1.         0.         0.4580272  0.53689093
 0.36796958 0.60653595 0.5        0.5       ]

Pareto: 7 
 [0. 0. 0. 0. 0. 0. 0. 0. 0. 0.]

Pareto: 1 
 [0.90909091 0.7620915  1.         0.68921313 0.74436716 0.75065785
 0.80936547 0.7620915  0.7712987  0.72935065]

Pareto: 2 
 [0.76923077 0.7620915  1.         0.68921313 0.74436716 0.75065785
 0.80936547 0.7620915  0.76545455 0.72935065]

Pareto: 3 
 [0.71428571 0.69673203 1.         0.42033262 0.6231573  0.65596946
 0.72155138 0.69673203 0.68311688 0.61428571]

Pareto: 4 
 [0.66666667 0.60653595 0.98666667 0.         0.4580272  0.53689093
 0.36796958 0.60653595 0.59766234 0.5       ]

Pareto: 5 
 [0.52631579 0.60653595 0.98666667 0.         0.4580272  0.53689093
 0.36796958 0.60653595 0.48181818 0.5       ]

Pareto: 6 
 [0.4        0.56078431 0.97333333 0.         0.43493652 0.50249698
 0.35556917 0.56078431 0.46181818 0.46181818]

Pareto: 7 
 [0.38461538 0.56078431 0.97333333 0.         0.43493652 0.50249698
 0.35556917 0.56078431 0.46181818 0.46181818]

