Generation 0
[0.01979322 0.02819966 0.02819966 0.01911438 0.02092002 0.02819966
 0.01911438 0.01854867 0.         0.02819966 0.01899632 0.01899632
 0.02010123 0.01867641 0.01848775 0.         0.         0.02819966
 0.01846947 0.01867641 0.02819966 0.         0.02010123 0.01854867
 0.02010123 0.02819966 0.02819966 0.01934066 0.         0.02819966
 0.02819966 0.         0.02092002 0.         0.         0.01979322
 0.02819966 0.02010123 0.02092002 0.02010123 0.02092002 0.
 0.01911438 0.01877495 0.02819966 0.         0.         0.02819966
 0.01911438 0.02819966 0.01877495 0.01899632 0.         0.01850699
 0.         0.02092002 0.02092002 0.         0.         0.01934066]
Generation 1
[0.01023828 0.01988991 0.01426919 0.01864316 0.01988991 0.01988991
 0.01510944 0.01988991 0.01542745 0.01864316 0.01461336 0.01489186
 0.01988991 0.01428263 0.01988991 0.01429677 0.01461336 0.01862651
 0.01023828 0.01864316 0.01862651 0.01862651 0.01442044 0.01862651
 0.01510944 0.01443625 0.01461336 0.01864316 0.01864316 0.01988991
 0.01451887 0.01340337 0.01864316 0.01798083 0.01988991 0.01442044
 0.01864316 0.01988991 0.01988991 0.01862651 0.01988991 0.01442044
 0.01489186 0.01864316 0.01864316 0.01510944 0.01542745 0.01510944
 0.         0.01469005 0.01489186 0.01451887 0.01864316 0.01864316
 0.01442044 0.01988991 0.01864316 0.01988991 0.01988991 0.01432733]
Generation 2
[0.02026262 0.01324288 0.01285517 0.0134549  0.01847046 0.01301576
 0.01273879 0.02026262 0.01847046 0.02026262 0.02026262 0.01847046
 0.01335223 0.01847046 0.02026262 0.01324288 0.02026262 0.01847046
 0.01335223 0.02026262 0.01307885 0.02026262 0.01797307 0.01847046
 0.01797307 0.01847046 0.01797307 0.01847046 0.02026262 0.01847046
 0.01276341 0.01307885 0.02026262 0.01797307 0.02026262 0.02026262
 0.01289366 0.01277669 0.01797307 0.01315341 0.02026262 0.01282109
 0.0134549  0.02026262 0.01289366 0.01088435 0.02026262 0.02026262
 0.01847046 0.01847046 0.01307885 0.01847046 0.01797307 0.01797307
 0.01088435 0.01324288 0.01847046 0.01301576 0.01324288 0.01335223]
Generation 3
[0.0197968  0.00966436 0.01587728 0.01772333 0.01300912 0.01772333
 0.0197968  0.01587728 0.0197968  0.01300912 0.0130477  0.01772333
 0.01772333 0.01772333 0.0161578  0.01587728 0.01772333 0.01300912
 0.0197968  0.01772333 0.0130477  0.01277036 0.01311902 0.0197968
 0.0197968  0.0197968  0.01311902 0.0130477  0.01772333 0.01587728
 0.0197968  0.01277036 0.0197968  0.0161578  0.01277036 0.01300912
 0.01772333 0.0130477  0.01772333 0.00966436 0.01772333 0.01772333
 0.01772333 0.0197968  0.01772333 0.0197968  0.0197968  0.01258465
 0.01587728 0.0197968  0.01772333 0.0197968  0.0197968  0.01291116
 0.0197968  0.01291116 0.0197968  0.0197968  0.0197968  0.0197968 ]
Generation 4
[0.01857067 0.01659322 0.01221401 0.01659322 0.01857067 0.01244094
 0.01857067 0.01659322 0.01857067 0.01857067 0.01857067 0.01659322
 0.01857067 0.01857067 0.01857067 0.01832129 0.01857067 0.01857067
 0.01659322 0.01832129 0.01659322 0.01857067 0.01857067 0.01637367
 0.01659322 0.01857067 0.01231487 0.01832129 0.01832129 0.01857067
 0.01221401 0.01637367 0.01857067 0.01231487 0.01659322 0.01637367
 0.01857067 0.01832129 0.01659322 0.01857067 0.01637367 0.01182499
 0.01857067 0.01857067 0.01637367 0.01637367 0.01231487 0.01857067
 0.01244094 0.01165542 0.01832129 0.01832129 0.01832129 0.01832129
 0.01659322 0.01177179 0.01231487 0.01659322 0.01832129 0.01221401]
Generation 5
[0.01685022 0.01796463 0.01796463 0.01667715 0.01243957 0.01796463
 0.01685022 0.01796463 0.01685022 0.01685022 0.01243957 0.01651
 0.01247349 0.01685022 0.01667715 0.01685022 0.01796463 0.01667715
 0.01796463 0.01685022 0.01651    0.01575764 0.01796463 0.01796463
 0.01796463 0.01685022 0.01575764 0.01667715 0.01796463 0.01667715
 0.01685022 0.01685022 0.01796463 0.01575764 0.01796463 0.01575764
 0.01651    0.01259558 0.01796463 0.01796463 0.01796463 0.01796463
 0.01796463 0.01685022 0.01796463 0.01651    0.01575764 0.01796463
 0.01259558 0.01575764 0.01651    0.01796463 0.01796463 0.01667715
 0.01796463 0.01685022 0.01575764 0.01667715 0.01247349 0.01796463]
Generation 6
[0.01722495 0.01826525 0.01826525 0.01826525 0.01826525 0.01649833
 0.0153584  0.01826525 0.01414839 0.01826525 0.01826525 0.01649833
 0.01187729 0.01722495 0.01722495 0.01826525 0.0153584  0.01097312
 0.01826525 0.01826525 0.01722495 0.01826525 0.01722495 0.01722495
 0.01826525 0.01722495 0.0153584  0.01722495 0.01826525 0.01826525
 0.01414839 0.01826525 0.01722495 0.01649833 0.01649833 0.0153584
 0.01649833 0.01826525 0.0153584  0.01722495 0.01649833 0.01722495
 0.01722495 0.01826525 0.01826525 0.01649833 0.01649833 0.01826525
 0.01826525 0.01649833 0.01026809 0.0153584  0.01026809 0.01722495
 0.01649833 0.01097312 0.01722495 0.01722495 0.01826525 0.01826525]
Generation 7
[0.01134329 0.01928351 0.01928351 0.01656673 0.01928351 0.01928351
 0.01845594 0.01928351 0.01845594 0.01290559 0.01928351 0.01656673
 0.0129467  0.01928351 0.01928351 0.00918414 0.0085997  0.01928351
 0.01928351 0.01928351 0.01928351 0.01845594 0.01928351 0.0085997
 0.01845594 0.01845594 0.01349428 0.01845594 0.01928351 0.01353327
 0.00918414 0.01845594 0.01349428 0.01928351 0.01845594 0.01928351
 0.01656673 0.01353327 0.01292548 0.01349428 0.01845594 0.01656673
 0.01656673 0.01134329 0.01845594 0.01928351 0.01353327 0.01928351
 0.01928351 0.01845594 0.01349428 0.01845594 0.01283708 0.01656673
 0.01928351 0.01928351 0.01353327 0.01845594 0.01845594 0.01928351]
Generation 8
[0.01843946 0.01230002 0.01248265 0.01882532 0.01882532 0.01882532
 0.01882532 0.01579167 0.01579167 0.01882532 0.01843946 0.01579167
 0.01843946 0.01882532 0.01579167 0.01262615 0.01367682 0.01882532
 0.01843946 0.01882532 0.01579167 0.01882532 0.01242685 0.01882532
 0.01367682 0.01882532 0.01843946 0.01272055 0.01843946 0.01579167
 0.01843946 0.01367682 0.01367682 0.01272055 0.01237874 0.01579167
 0.01367682 0.01882532 0.01579167 0.01240194 0.01843946 0.01254816
 0.01367682 0.01843946 0.01882532 0.01882532 0.01843946 0.01579167
 0.01882532 0.01843946 0.01882532 0.01882532 0.01843946 0.01882532
 0.01843946 0.01882532 0.01579167 0.01843946 0.01579167 0.01579167]
Generation 9
[0.01651938 0.01651938 0.01673717 0.01520677 0.01841403 0.01841403
 0.01726814 0.01841403 0.01726814 0.00868994 0.01651938 0.01261267
 0.01841403 0.01673717 0.01841403 0.01726814 0.01841403 0.01841403
 0.01841403 0.01726814 0.01841403 0.01280768 0.01673717 0.01673717
 0.00868994 0.01673717 0.01254189 0.01841403 0.01726814 0.01841403
 0.01263476 0.01841403 0.01841403 0.01726814 0.01841403 0.01284567
 0.01520677 0.01673717 0.01841403 0.01520677 0.01651938 0.01651938
 0.01841403 0.01726814 0.01254189 0.01673717 0.01673717 0.01673717
 0.01841403 0.01726814 0.01841403 0.01841403 0.01841403 0.01841403
 0.01673717 0.01841403 0.01673717 0.01726814 0.01726814 0.01651938]
Generation 10
[0.01599602 0.01635432 0.01759634 0.01567019 0.01677958 0.01599602
 0.01759634 0.01567019 0.01635432 0.01759634 0.01759634 0.01759634
 0.01677958 0.01677958 0.01481699 0.01582072 0.01759634 0.01635432
 0.01759634 0.01759634 0.01677958 0.01677958 0.01567019 0.01599602
 0.01759634 0.01599602 0.01759634 0.01759634 0.01635432 0.01759634
 0.01635432 0.01599602 0.01635432 0.01759634 0.01677958 0.01759634
 0.01677958 0.01481699 0.01677958 0.01677958 0.01759634 0.01582072
 0.01599602 0.01759634 0.01635432 0.01582072 0.01599602 0.01759634
 0.01599602 0.01759634 0.01677958 0.01599602 0.01599602 0.01759634
 0.01635432 0.01599602 0.01759634 0.01677958 0.01582072 0.01677958]
Generation 11
[0.01783807 0.01642641 0.01624077 0.01624077 0.01624077 0.01708529
 0.01517868 0.01642641 0.01708529 0.01624077 0.01783807 0.01708529
 0.01783807 0.01783807 0.01783807 0.01642641 0.01783807 0.01356426
 0.01783807 0.01642641 0.01708529 0.01642641 0.01642641 0.01642641
 0.01624077 0.01642641 0.01708529 0.01783807 0.01783807 0.01708529
 0.01642641 0.01624077 0.01708529 0.01708529 0.01642641 0.01708529
 0.01708529 0.01642641 0.01517868 0.01708529 0.01708529 0.01783807
 0.01708529 0.01624077 0.01517868 0.01642641 0.01708529 0.01624077
 0.01517868 0.01708529 0.01783807 0.01642641 0.01642641 0.01783807
 0.01624077 0.01356426 0.01642641 0.01783807 0.01624077 0.01517868]
Generation 12
[0.01581167 0.01472243 0.01778035 0.01947768 0.01778035 0.01778035
 0.01947768 0.01947768 0.01947768 0.01447171 0.01778035 0.01947768
 0.01498407 0.01498407 0.01778035 0.01778035 0.01581167 0.01581167
 0.01581167 0.01581167 0.0145532  0.01448165 0.01947768 0.01581167
 0.01581167 0.01472243 0.01778035 0.01778035 0.01064785 0.01498407
 0.01947768 0.0145146  0.01947768 0.0145146  0.01947768 0.01947768
 0.01064785 0.01778035 0.01947768 0.01778035 0.01581167 0.01472243
 0.01778035 0.01947768 0.01581167 0.01498407 0.01472243 0.01498407
 0.01449208 0.01778035 0.01456757 0.01778035 0.01947768 0.01778035
 0.01498407 0.01778035 0.01778035 0.01581167 0.01778035 0.01472243]
Generation 13
[0.01969106 0.01654439 0.01969106 0.01503297 0.01969106 0.01503297
 0.01982222 0.01982222 0.01379229 0.01417319 0.01417319 0.01982222
 0.01654439 0.01417319 0.01982222 0.01982222 0.01982222 0.01982222
 0.01654439 0.01417319 0.01654439 0.01480235 0.01503297 0.01393583
 0.01480235 0.01417319 0.01393583 0.01503297 0.01417319 0.01503297
 0.01503297 0.01503297 0.01654439 0.01982222 0.01417319 0.01417319
 0.01480235 0.01969106 0.01480235 0.01480235 0.01969106 0.01417319
 0.01969106 0.01480235 0.01654439 0.01654439 0.01503297 0.01982222
 0.01480235 0.01654439 0.01969106 0.01969106 0.01982222 0.01393583
 0.01982222 0.01982222 0.01417319 0.01969106 0.01480235 0.01654439]
Generation 14
[0.01914302 0.01914302 0.01914302 0.0154821  0.01456542 0.01624536
 0.01456542 0.01901674 0.01624536 0.01624536 0.01901674 0.01901674
 0.01032428 0.01901674 0.01901674 0.01901674 0.01624536 0.01914302
 0.01624536 0.01901674 0.01525134 0.01570043 0.01914302 0.01456542
 0.01570043 0.0154821  0.01029864 0.01914302 0.01901674 0.01624536
 0.01901674 0.01624536 0.01456542 0.01914302 0.01914302 0.01570043
 0.01537097 0.01624536 0.01570043 0.01624536 0.01901674 0.01570043
 0.01525134 0.01901674 0.01525134 0.01914302 0.01624536 0.01914302
 0.01525134 0.01624536 0.01624536 0.01525134 0.01624536 0.0154821
 0.01624536 0.01570043 0.01537097 0.01537097 0.01456542 0.0154821 ]
Generation 15
[0.01878    0.01639429 0.01639429 0.01610359 0.01653828 0.01110434
 0.01060767 0.01639429 0.01610359 0.0159416  0.01639429 0.01878
 0.01653828 0.01610359 0.01653828 0.01878    0.01610359 0.01610359
 0.01653828 0.01610359 0.0159416  0.01610359 0.01653828 0.01610359
 0.01653828 0.01639429 0.01878    0.01878    0.01878    0.01653828
 0.01639429 0.01878    0.01639429 0.01878    0.01653828 0.01653828
 0.01639429 0.01878    0.0159416  0.01878    0.01653828 0.01878
 0.01653828 0.01610359 0.01110434 0.01878    0.01639429 0.01878
 0.01110434 0.01653828 0.01639429 0.01878    0.01610359 0.01878
 0.0159416  0.01653828 0.01653828 0.01878    0.01878    0.01653828]
Generation 16
[0.01946217 0.01331612 0.01489858 0.01946217 0.01946217 0.01946217
 0.01930481 0.01946217 0.01946217 0.01930481 0.0110898  0.01946217
 0.01150192 0.01469627 0.01946217 0.01946217 0.01489858 0.01946217
 0.01930481 0.01930481 0.01489858 0.01930481 0.01930481 0.01331612
 0.01469627 0.01489858 0.01946217 0.01930481 0.01930481 0.01489858
 0.01126642 0.01946217 0.01946217 0.01946217 0.0132094  0.01946217
 0.01489858 0.01469627 0.01946217 0.01930481 0.01331612 0.01946217
 0.01946217 0.01331612 0.01469627 0.01136735 0.01946217 0.01469627
 0.01489858 0.0132094  0.01469627 0.01331612 0.01946217 0.0132094
 0.01331612 0.01946217 0.01107374 0.01489858 0.01489858 0.01946217]
Generation 17
[0.01778214 0.0175477  0.01778214 0.01778214 0.01539262 0.01539262
 0.0175477  0.01332633 0.01778214 0.01052522 0.01746229 0.01778214
 0.01732349 0.01746229 0.01746229 0.01539262 0.01764734 0.01778214
 0.         0.01778214 0.01764734 0.01732349 0.01778214 0.01778214
 0.01778214 0.01738826 0.01764734 0.0151168  0.01746229 0.01732349
 0.01052522 0.0175477  0.0151168  0.01738826 0.01764734 0.01539262
 0.01764734 0.0175477  0.01332633 0.01778214 0.01738826 0.01778214
 0.01764734 0.01778214 0.01746229 0.01778214 0.01746229 0.01764734
 0.0175477  0.01732349 0.01539262 0.01738826 0.01778214 0.01778214
 0.01778214 0.01778214 0.01764734 0.0175477  0.01738826 0.0175477 ]
Generation 18
[0.0177908  0.0177908  0.0177908  0.01753406 0.01148089 0.01135041
 0.0177908  0.0177908  0.0177908  0.0177908  0.0177908  0.0177908
 0.01753406 0.01732987 0.0177908  0.01753406 0.01248788 0.01732987
 0.01173573 0.01753406 0.01732987 0.0177908  0.0177908  0.01753406
 0.01152167 0.0177908  0.0177908  0.0177908  0.01173573 0.01732987
 0.01753406 0.01248788 0.0177908  0.01753406 0.0177908  0.0177908
 0.01753406 0.0177908  0.01248788 0.0177908  0.0177908  0.01753406
 0.01753406 0.01732987 0.01753406 0.0177908  0.01732987 0.01753406
 0.01753406 0.01732987 0.01753406 0.0177908  0.01732987 0.01753406
 0.0177908  0.01753406 0.01135041 0.0177908  0.01161681 0.0177908 ]
Generation 19
[0.01787853 0.01210908 0.01787853 0.01765948 0.01787853 0.01787853
 0.01775987 0.01765948 0.01775987 0.01036798 0.01775987 0.01787853
 0.01210908 0.01765948 0.01765948 0.01775987 0.01775987 0.01775987
 0.01557886 0.01787853 0.0112204  0.01775987 0.01557886 0.01775987
 0.01787853 0.01765948 0.01210908 0.01787853 0.01787853 0.01775987
 0.01787853 0.01787853 0.01787853 0.01775987 0.01775987 0.01765948
 0.01787853 0.01775987 0.01787853 0.01765948 0.0112204  0.01044649
 0.01210908 0.01787853 0.01557886 0.01787853 0.01775987 0.01787853
 0.01557886 0.01775987 0.01765948 0.01787853 0.01775987 0.01787853
 0.01775987 0.01557886 0.01775987 0.01775987 0.01210908 0.01765948]
Generation 20
[0.01889257 0.01889257 0.01889257 0.01889257 0.01889257 0.01889257
 0.01889257 0.01838332 0.01114894 0.018283   0.01497953 0.01889257
 0.01889257 0.         0.01889257 0.01889257 0.01838332 0.01889257
 0.01889257 0.01215678 0.01251275 0.01889257 0.01889257 0.01889257
 0.01889257 0.01889257 0.01889257 0.01622024 0.01838332 0.01889257
 0.01622024 0.         0.00944629 0.018283   0.01622024 0.
 0.01497953 0.01889257 0.01838332 0.01889257 0.01889257 0.01889257
 0.01889257 0.01889257 0.018283   0.00944629 0.01622024 0.01838332
 0.01889257 0.01251275 0.018283   0.01889257 0.01889257 0.01889257
 0.01889257 0.01215678 0.01889257 0.01889257 0.01889257 0.01838332]
Generation 21
[0.01821292 0.01245351 0.01718424 0.01718424 0.01537916 0.01964179
 0.01245351 0.01850509 0.01964179 0.01097289 0.01964179 0.01245351
 0.01964179 0.01850509 0.01964179 0.01718424 0.01821292 0.01821292
 0.01964179 0.01964179 0.01964179 0.0119437  0.01821292 0.
 0.         0.0119437  0.01821292 0.01850509 0.01537916 0.01850509
 0.01850509 0.01850509 0.01964179 0.01964179 0.01850509 0.01964179
 0.01821292 0.01850509 0.01964179 0.01177301 0.01718424 0.01718424
 0.01718424 0.01177301 0.01964179 0.01177301 0.01083574 0.01964179
 0.01964179 0.01964179 0.01964179 0.01964179 0.01850509 0.01718424
 0.01964179 0.01850509 0.01964179 0.01850509 0.01245351 0.01245351]
Generation 22
[0.018496   0.018496   0.01097974 0.018496   0.01820086 0.018496
 0.018496   0.018496   0.         0.018496   0.018496   0.01830412
 0.01803565 0.01803565 0.01830412 0.01820086 0.01811235 0.
 0.01219434 0.018496   0.01830412 0.01820086 0.01820086 0.01830412
 0.01830412 0.018496   0.01830412 0.018496   0.018496   0.018496
 0.018496   0.01803565 0.01811235 0.018496   0.01830412 0.018496
 0.01830412 0.01830412 0.         0.018496   0.018496   0.018496
 0.01830412 0.01811235 0.01820086 0.018496   0.         0.01830412
 0.018496   0.01830412 0.01219434 0.018496   0.01830412 0.01830412
 0.01811235 0.01811235 0.01830412 0.01830412 0.01097974 0.01820086]
Generation 23
[0.01704292 0.01663618 0.01688462 0.01417888 0.01688462 0.01670716
 0.01704292 0.01657407 0.01678907 0.01670716 0.01678907 0.01688462
 0.01663618 0.01663618 0.01704292 0.01704292 0.01663618 0.01688462
 0.0149522  0.01688462 0.0149522  0.01688462 0.01663618 0.01688462
 0.01704292 0.01704292 0.01704292 0.01704292 0.01657407 0.01657407
 0.01670716 0.01704292 0.01704292 0.01657407 0.01670716 0.01704292
 0.01688462 0.01678907 0.01704292 0.01704292 0.01704292 0.01688462
 0.01688462 0.01678907 0.01688462 0.01688462 0.01670716 0.01657407
 0.01704292 0.01704292 0.01704292 0.01688462 0.01417888 0.01670716
 0.01704292 0.01417888 0.01704292 0.01704292 0.01704292 0.01670716]
Generation 24
[0.01776772 0.         0.01753625 0.01715748 0.01776772 0.01727869
 0.01735228 0.01753625 0.01735228 0.01776772 0.01776772 0.01715748
 0.01715748 0.01715748 0.01753625 0.01776772 0.01776772 0.01715748
 0.01753625 0.01776772 0.01776772 0.         0.01715748 0.01776772
 0.01776772 0.01776772 0.01715748 0.01735228 0.01776772 0.01715748
 0.01776772 0.01753625 0.01776772 0.01735228 0.01776772 0.01753625
 0.01753625 0.01727869 0.01727869 0.01715748 0.01776772 0.01776772
 0.01727869 0.01753625 0.01715748 0.01341732 0.01753625 0.01217801
 0.01727869 0.01715748 0.01727869 0.01715748 0.01735228 0.01753625
 0.01715748 0.01776772 0.01341732 0.01776772 0.01727869 0.01727869]
Generation 25
[0.01872368 0.01564158 0.01872368 0.01872368 0.01948146 0.01263571
 0.01948146 0.01846736 0.01948146 0.01872368 0.00974073 0.01872368
 0.01948146 0.01392268 0.         0.01263571 0.01564158 0.01948146
 0.01948146 0.01948146 0.01846736 0.01948146 0.01846736 0.01948146
 0.01233026 0.01872368 0.01948146 0.01564158 0.01948146 0.01233026
 0.         0.01948146 0.01836666 0.01392268 0.01872368 0.01948146
 0.01872368 0.00974073 0.01263571 0.01872368 0.01206992 0.01948146
 0.01948146 0.01836666 0.01846736 0.01564158 0.01564158 0.01948146
 0.01948146 0.01872368 0.01228662 0.01217753 0.01564158 0.01846736
 0.01872368 0.01846736 0.01948146 0.01836666 0.01846736 0.01872368]
Generation 26
[0.01868265 0.01815929 0.01815929 0.01801527 0.01824792 0.01067682
 0.01067682 0.01801527 0.01868265 0.01868265 0.01868265 0.01815929
 0.01868265 0.01815929 0.01868265 0.0154339  0.01824792 0.01868265
 0.01824792 0.         0.01868265 0.01868265 0.01868265 0.01868265
 0.01801527 0.01868265 0.01801527 0.01815929 0.01520407 0.01824792
 0.01801527 0.01868265 0.01122076 0.         0.         0.01801527
 0.01868265 0.01801527 0.01868265 0.01520407 0.01122076 0.01824792
 0.01824792 0.0154339  0.01868265 0.01824792 0.01824792 0.01868265
 0.01824792 0.01122076 0.01868265 0.01868265 0.01801527 0.01801527
 0.01815929 0.01868265 0.01868265 0.01868265 0.01868265 0.01868265]
Generation 27
[0.01836495 0.0182346  0.01836495 0.0145945  0.01549562 0.01836495
 0.0182346  0.01836495 0.0181319  0.         0.01836495 0.01836495
 0.0182346  0.0109207  0.01836495 0.0182346  0.0182346  0.01836495
 0.0145945  0.01836495 0.01836495 0.0181319  0.0182346  0.0108215
 0.01836495 0.0109207  0.0181319  0.01836495 0.01541933 0.01325374
 0.0182346  0.0181319  0.01836495 0.01549562 0.0181319  0.01836495
 0.01549562 0.0182346  0.01836495 0.01086834 0.0182346  0.0182346
 0.01836495 0.0181319  0.01325374 0.0182346  0.01836495 0.01836495
 0.0182346  0.0182346  0.0182346  0.01541933 0.01836495 0.0182346
 0.01836495 0.0182346  0.01549562 0.01836495 0.0109207  0.0108215 ]
Generation 28
[0.01844993 0.01537991 0.01844993 0.01844993 0.01844993 0.01810637
 0.01810637 0.01844993 0.01537991 0.01520503 0.01087122 0.01844993
 0.01537991 0.01844993 0.01810637 0.01537991 0.01549503 0.01844993
 0.01810637 0.01520503 0.01844993 0.01810637 0.01810637 0.01844993
 0.01844993 0.01810637 0.01844993 0.01844993 0.01810637 0.01844993
 0.01810637 0.01087122 0.01537991 0.01810637 0.01549503 0.01537991
 0.01537991 0.01844993 0.01810637 0.01810637 0.01844993 0.
 0.01810637 0.01087122 0.01537991 0.01062192 0.01520503 0.01810637
 0.01537991 0.01537991 0.01844993 0.01537991 0.01844993 0.01844993
 0.01810637 0.01810637 0.01844993 0.01844993 0.01537991 0.01844993]
Generation 29
[0.01861019 0.01143431 0.01085557 0.01836608 0.01516115 0.01836608
 0.01861019 0.01861019 0.01861019 0.01560677 0.01230935 0.01230935
 0.01861019 0.01861019 0.01861019 0.01861019 0.01861019 0.01085557
 0.01560677 0.01836608 0.01861019 0.01592619 0.01861019 0.01861019
 0.01861019 0.01836608 0.01861019 0.01836608 0.01836608 0.01861019
 0.01836608 0.01560677 0.01143431 0.01009212 0.01861019 0.01333089
 0.01143431 0.01836608 0.01861019 0.01861019 0.01560677 0.01143431
 0.01560677 0.01861019 0.01011702 0.01836608 0.01861019 0.01836608
 0.01861019 0.01861019 0.01560677 0.01861019 0.01836608 0.01861019
 0.01836608 0.01143431 0.01836608 0.01861019 0.01861019 0.01560677]
