Generation 0
Individual indices selected: [ 1  7 12 29 27 56  5  6  2 50  3 44 18 48  7  2 29 25 38 26 30 23  0 39
 36  6 24  2 32 13 36  9 36 38  7 30  9 49 39  1 19 59 49 25 48 37 42  0
  6 37 24 47  9 18  2 29 36 49 53]
-------
Generation 1
Individual indices selected: [ 6 41 27 14 10 13  3  7 20  4 16  6 27 17 49 37 53 42 37 11 31 27 33  0
 23  3  1 37  0 13  9  7 51 12 37 22 27 15 28  4 41 20 25 29  9 56 32 53
 31 47 56 47 25  9 24  3 28 49 47]
-------
Generation 2
Individual indices selected: [29 56 25  3 26 16 29 42 37  1 10  4 51 33 38 24 12  4 49 52  5  3 27  7
 21 50  3 10 55 43  6 21 33 37  3 35 12 56 29 51 17 28 18  7 40 34  6 50
 34 13 19 40  3 25 41 34 45 20 35]
-------
Generation 3
Individual indices selected: [29 37  5 59  3 11 52 49 49 56 36 41 25 31 40  8 59  5 41 43  5 23 50  5
 28 55 56  8  6 27 29 45 29 28 14 58 51 41 56 27 55  8  2 53 16 29 43 48
 47 41 25  3 38  2 31 43 16 28 27]
-------
Generation 4
Individual indices selected: [ 8 51 13 46 10 53 28  0 32 49 51 26 37 52 46  4 58 11 36 46 57 27 58 16
  2  1  1 37 12 40 29 25 20 13 45 20 52 14 15 25 27 47 19 17 46  0 58 41
 57 46 31 24 36 27 18 45 20 33 57]
-------
Generation 5
Individual indices selected: [23 22 32 22 21 49  7 35 47 50  2 12 18 48 47 25 55 54  8 50 13 30 39 32
 38 49 17 24  9 12 13 55 57 30 59 59 47 36 22  9 32 43 11 41 52 51 38  7
  6 55 35 55 18 17 55 59 56 46 18]
-------
Generation 6
Individual indices selected: [18 44 45  4 37 22 59 13 47 59  2 47 14 24 36 25  9  8 37  1 26 53 25 48
 28 12 29  0 33 36 23 45  7 40 27 27 49 12 38 54 48 22 43 39  0 52  0 21
  3 49 34 47  4 51 15 32 24 11  7]
-------
Generation 7
Individual indices selected: [13 52 31 51  0  1 32  7 43 11 35 14 24  5 59 34 21 55  4 32 49  9 28 40
 17 14  8 42 56 47 40 48 13  9 17  2 13 21 26 24 24 42 21 44 28  4  6 34
 27 41 10 25 37 45  1 36 59 15 40]
-------
Generation 8
Individual indices selected: [20 42 10 45 52 30  8 37  7 47 39 23 11 50 31 27 57 46 58 25 22  3 28  7
 16  9 25 15 14 34 30  4 45 44 41 42 42 40 58 32 14 40 40  9 53 20  5 17
 50 45 51 48 13  9 23 30 19 16 42]
-------
Generation 9
Individual indices selected: [12  9 54 39 21 27 21 10 57 23 17 14 42  0 53 41  6 31 57 59 49 19 12 51
  2 34 35 42 56  0 41  9  5 53 34 22 30 52  3 12 25 13 55 39 41 19 58 37
 39 18 22 15 14 59 47  3 55 44 29]
-------
Generation 10
Individual indices selected: [13  0 51 54 56  8 59 11 14 33 12 47 49 23  1  9 14 56 18 50  5 42 55 40
 12 27 29 35 31 17 58 57 33 39 53 34 29 45 18 47 27 17 36 22 10  8 18 14
 50 20 18 16 17 25 47  3 24 52 25]
-------
Generation 11
Individual indices selected: [55 29 24 11 11 28 57 28 48 40 39 21 59  0 29  7 45 43 58 15 37 24 59 23
 58 11 44 29 23 35  9 19  2 15 12 29 50  0 51  4  4 49 11 53 40 38 55 48
 57 48  7 27 19 52  7 39 52 22 30]
-------
Generation 12
Individual indices selected: [17 38 37 55 38 52 26 48 13 48 11  0 23 26 32 56 43 17 13 37 54 56  3 24
 41 50 15 24 53 23  2 49 56 13 40 23 43 16 29 26 13 23 56 41 49 18 38 51
 56 35 56  6 34 43  5 16  6 37 14]
-------
Generation 13
Individual indices selected: [ 0 47 24 41 22 34 31 21  6 55 11  9 51 49 11 47 16 29 25 45 20 31 18 46
 35 41 51 17 12 57 45 13 57 51 30 48 17 30 10  6 39 39 29  2 52 56 29 30
 47 50  1 50 42 32 26  4 28  8 21]
-------
Generation 14
Individual indices selected: [51 19 39  4 25  9 41 34 25 34  1 19 47 25 47 21 36 48 14 44 57 24 14  6
 20 22 43 53 18  4 45 47 30  4 31 16  3 12 28 55 42 20  4 19 45 34 45  4
 59 24  8 28 17 14 41 19 13 33 13]
-------
Generation 15
Individual indices selected: [57 38 32 46 22 12 53 19  0  2 31 10 16 52 32 57 41 25 33 23 29 42 23 57
 43  0 57 21 50 14 45  3 11 40 57  4 38 37 16 16 59 36 40  7 14 59  1 55
 33 59 32 45 13 24 47  2 53 50 47]
-------
Generation 16
Individual indices selected: [34 42 28 29 18  9 14  7 54  6 34 26 16 18 12 41 27 15 27  0 59  8 55 59
 39 33 59  0 59 24 30 17 26 46 17 30 36 14  8  9 41 43 31 13 28  1 55 43
 38  8 49 20 23 11 16 33  7 12 37]
-------
Generation 17
Individual indices selected: [25 39 21 24 24  1  3 29 16 35  8 35 14 11  1  4 50 28 24 46  7  0  3 22
 39 12 38 52 48 40 37 11 33 56 57 36  8 25 38 29 48 56  3 44 57 46  6 14
  4 45 40 33 38 32 17 42 29 23 53]
-------
Generation 18
Individual indices selected: [49  2 49 22 15  1 35 23 46 59 47 16 36 30 33 44 19  0 45 13 17 18 48  7
 49 33 47 27 30  1 22  2 25 45 29 59 48 47 47 13 46 31 39 11 13 34  9 10
 21  1 37 47 35 44 36  9 57 46 34]
-------
Generation 19
Individual indices selected: [40 36 25 54 21 22 49 26 12  5 57  3 19 56 24 48 11 24 33 19 51 44 23 45
 11 29 22 36 23 22 38 34  4 43 27  5 43 26 27 19 10 11 59 29 34  5 57 37
 57 42 30 17 43 31 13 29 34 33 14]
-------
Generation 20
Individual indices selected: [22 16 43 38  0  1 43 45 26 30 32 43  0 18 39 27  7 10  7  5 38 21 51 51
 20 24 37 38 43  6  3 40 52 56 27 54  7 58 49 24 29 12 26 45 30 26 18 38
 32 21 53 58 47 11 53 30 40 50 34]
-------
Generation 21
Individual indices selected: [12 49  0  4 37 30 59  5 56 29 59  2 34 57 22 11 31  3 12 17 40  4 31 44
 27 56 40  4 37 20 56 40  3 33 53 11 36 31 47 54 22 35  3 55 43  5 13 44
 12  3 54  9  6 59 20 37 32  9 28]
-------
Generation 22
Individual indices selected: [18 22 12 49 13 11 13 58 32  5 52 55 14 26 25 24 44 21 20 21 10 43 51  6
 52 45 57 11 14 37  5 59 37 59 42 19 31  3  6 23 42  7 37  4  0 12  4 34
 49 19 42 39 21  5 56 54 33  3 43]
-------
Generation 23
Individual indices selected: [ 0 41 34 31  2 29  3 30 54 13 47 33 12 45  3 40 41  2 30 57 35 41 13 19
  1 20 45 50  8 28 58 38 10 45 33 44 39 45 17 23 45 30 59 21 26 27 49 30
 29  8 45 27 31 35 27 26  8 45 55]
-------
Generation 24
Individual indices selected: [41 44 38 50 12 47  0 29 20 30 32  2 40 41 31 53 30 11 56  0 53 14  7  9
 31 32 22 55  5  2 46 54 40 55 38 33 30  9 41 45 31 38 11 17 16 23 42 29
 15 39 39 17 16 15 15 20 29 17 51]
-------
Generation 25
Individual indices selected: [22  5 29  5  6  6  3 45 29 21  7  9  7 44 21 21 19 38 42 41  9 28 32 27
 18 32 12  2 17 43 56  2 12 12 25  7 42 58  2 29  4 49 21 36  7 51 21 31
 40 17 36 29 25 59 55 51 16 31 59]
-------
Generation 26
Individual indices selected: [ 3 37 37 37 31  2 24 25  0 21  6 13 38 43  8 27 35 37 45  9 36 37  4 58
 15 37 56 53 53  1 37 59  4 28 14 53  8 48 25 51 29 13 52 53 44 18  8 35
 25 18 24 50 43 54 39 54 31  1  1]
-------
Generation 27
Individual indices selected: [15 54 46 20 32 20 52 35 39 26  0 28 54 53 21  7 55 10 36 16 23 34 22 27
 30 22 45 27 52 48  2 54 55  7 52 54 47 59  4 51  0 16  4 41  2 31 43 53
 45  8 22 35 48 44 47 47 32 55 51]
-------
Generation 28
Individual indices selected: [16 40 59  3 56  4 39 46 19 47 47 26 37 58 37 31 39 12 18  2  3 11 18  0
 50 17 18 43  7 14 18 18 38 50  3 16  5 24  5 55 40  9 32 38 49  7 11 23
 27 48 25 18 35 34 52 33 35 20  6]
-------
Generation 29
Individual indices selected: [ 7 44  1 20 56 11 58 45 22 12 48 50 20 28  3  9 52  4 23  0 30 56 50 52
 12 10 16 41 49 47 12 22 39 54 47  1  1  8 43 46 48 24 44  4 48 36 44 25
 36 37 43 51 12 17 24  1 50 23 56]
-------
