indiv 1	[0.51426643 0.51426643 0.51426643 0.51426643 0.51426643 0.51426643
 0.51426643 0.51426643 0.51426643 0.51426643 0.5        0.51426643
 0.51426643 0.51426643 0.5        0.51426643 0.51426643 0.51426643]
indiv 2	[0.5138593 0.5138593 0.5138593 0.5138593 0.5138593 0.5138593 0.5138593
 0.5138593 0.5138593 0.5138593 0.5138593 0.5138593 0.5138593 0.5138593
 0.5138593 0.5       0.5138593 0.5138593]
indiv 7	[0.5        0.5        0.5        0.5        0.51390404 0.51390404
 0.51390404 0.5        0.51390404 0.51390404 0.51390404 0.51390404
 0.51390404 0.51390404 0.5        0.5        0.51390404 0.51390404]
indiv 9	[0.51436406 0.51436406 0.51436406 0.51436406 0.51436406 0.5
 0.51436406 0.51436406 0.51436406 0.5        0.5        0.5
 0.5        0.51436406 0.5        0.51436406 0.51436406 0.51436406]
indiv 10	[0.5        0.5        0.51426643 0.51426643 0.51426643 0.51426643
 0.51426643 0.5        0.51426643 0.51426643 0.51426643 0.51426643
 0.51426643 0.51426643 0.51426643 0.51426643 0.51426643 0.51426643]
indiv 25	[0.5        0.5        0.51425046 0.51425046 0.51425046 0.51425046
 0.51425046 0.5        0.51425046 0.51425046 0.51425046 0.51425046
 0.51425046 0.51425046 0.51425046 0.51425046 0.51425046 0.51425046]
indiv 26	[0.51489145 0.51489145 0.51489145 0.51489145 0.51489145 0.5
 0.51489145 0.51489145 0.51489145 0.5        0.5        0.5
 0.5        0.51489145 0.5        0.51489145 0.51489145 0.51489145]
indiv 48	[0.52919304 0.52919304 0.52919304 0.52919304 0.52919304 0.5
 0.52919304 0.52919304 0.52919304 0.5        0.5        0.5
 0.5        0.52919304 0.5        0.52919304 0.52919304 0.52919304]
indiv 50	[0.51409674 0.51409674 0.51409674 0.51409674 0.51409674 0.51409674
 0.51409674 0.5        0.51409674 0.51409674 0.51409674 0.51409674
 0.5        0.51409674 0.51409674 0.51409674 0.51409674 0.5       ]
indiv 53	[0.5        0.5        0.51426643 0.51426643 0.51426643 0.51426643
 0.51426643 0.5        0.51426643 0.51426643 0.51426643 0.51426643
 0.51426643 0.51426643 0.51426643 0.51426643 0.51426643 0.51426643]
indiv 1	[0.51430655 0.51430655 0.51430655 0.51430655 0.51430655 0.51430655
 0.51430655 0.51430655 0.51430655 0.5        0.51430655 0.5
 0.51430655 0.5        0.51430655 0.51430655 0.51430655 0.5       ]
indiv 7	[0.51435286 0.51435286 0.51435286 0.5        0.51435286 0.5
 0.5        0.5        0.51435286 0.51435286 0.51435286 0.51435286
 0.51435286 0.51435286 0.51435286 0.51435286 0.51435286 0.51435286]
indiv 9	[0.5145819 0.5145819 0.5145819 0.5145819 0.5       0.5145819 0.5145819
 0.5145819 0.5       0.5       0.5145819 0.5145819 0.5145819 0.5
 0.5145819 0.5145819 0.5145819 0.5      ]
indiv 22	[0.51410013 0.51410013 0.51410013 0.51410013 0.51410013 0.51410013
 0.5        0.51410013 0.51410013 0.5        0.51410013 0.5
 0.5        0.5        0.51410013 0.51410013 0.51410013 0.5       ]
indiv 26	[0.51512045 0.51512045 0.51512045 0.51512045 0.5        0.51512045
 0.51512045 0.51512045 0.5        0.5        0.51512045 0.51512045
 0.51512045 0.5        0.51512045 0.51512045 0.51512045 0.5       ]
indiv 34	[0.51483434 0.51483434 0.51483434 0.5        0.51483434 0.51483434
 0.5        0.51483434 0.5        0.5        0.51483434 0.5
 0.51483434 0.5        0.51483434 0.51483434 0.51483434 0.5       ]
indiv 37	[0.5        0.51390404 0.51390404 0.51390404 0.51390404 0.51390404
 0.5        0.51390404 0.51390404 0.51390404 0.51390404 0.51390404
 0.51390404 0.5        0.51390404 0.51390404 0.51390404 0.5       ]
indiv 48	[0.5296423 0.5296423 0.5296423 0.5296423 0.5       0.5296423 0.5296423
 0.5296423 0.5       0.5       0.5296423 0.5296423 0.5296423 0.5
 0.5296423 0.5296423 0.5296423 0.5      ]
indiv 1	[0.5        0.51430655 0.51430655 0.51430655 0.5        0.51430655
 0.51430655 0.51430655 0.51430655 0.51430655 0.51430655 0.51430655
 0.5        0.51430655 0.51430655 0.51430655 0.51430655 0.5       ]
indiv 2	[0.51409674 0.51409674 0.51409674 0.51409674 0.51409674 0.51409674
 0.51409674 0.51409674 0.51409674 0.51409674 0.51409674 0.51409674
 0.5        0.51409674 0.51409674 0.5        0.51409674 0.5       ]
indiv 9	[0.5        0.51474863 0.51474863 0.5        0.5        0.51474863
 0.5        0.51474863 0.51474863 0.51474863 0.5        0.51474863
 0.51474863 0.51474863 0.51474863 0.51474863 0.51474863 0.5       ]
indiv 26	[0.5       0.5152828 0.5152828 0.5       0.5       0.5152828 0.5
 0.5152828 0.5152828 0.5152828 0.5       0.5152828 0.5152828 0.5152828
 0.5152828 0.5152828 0.5152828 0.5      ]
indiv 34	[0.5        0.51512045 0.51512045 0.51512045 0.51512045 0.51512045
 0.51512045 0.51512045 0.51512045 0.5        0.5        0.5
 0.51512045 0.51512045 0.51512045 0.51512045 0.51512045 0.51512045]
indiv 47	[0.5143486 0.5143486 0.5       0.5143486 0.5143486 0.5143486 0.5143486
 0.5143486 0.5143486 0.5143486 0.5143486 0.5143486 0.5       0.5143486
 0.5143486 0.5143486 0.5143486 0.5      ]
indiv 48	[0.5        0.52995783 0.52995783 0.5        0.5        0.52995783
 0.5        0.52995783 0.52995783 0.52995783 0.5        0.52995783
 0.52995783 0.52995783 0.52995783 0.52995783 0.52995783 0.5       ]
indiv 1	[0.51409674 0.51409674 0.51409674 0.51409674 0.51409674 0.5
 0.51409674 0.51409674 0.51409674 0.5        0.51409674 0.51409674
 0.5        0.51409674 0.5        0.5        0.5        0.51409674]
indiv 7	[0.5141428 0.5141428 0.5141428 0.5141428 0.5141428 0.5       0.5
 0.5141428 0.5141428 0.5141428 0.5       0.5141428 0.5141428 0.5141428
 0.5       0.5141428 0.5141428 0.5141428]
indiv 9	[0.51474863 0.51474863 0.51474863 0.51474863 0.51474863 0.5
 0.5        0.51474863 0.5        0.5        0.51474863 0.51474863
 0.51474863 0.5        0.5        0.51474863 0.51474863 0.51474863]
indiv 10	[0.5138593 0.5138593 0.5138593 0.5138593 0.5138593 0.5138593 0.5138593
 0.5138593 0.5138593 0.5       0.5138593 0.5138593 0.5138593 0.5138593
 0.5138593 0.5138593 0.5138593 0.5138593]
indiv 22	[0.51512283 0.51512283 0.5        0.5        0.51512283 0.51512283
 0.51512283 0.51512283 0.51512283 0.5        0.51512283 0.51512283
 0.5        0.51512283 0.51512283 0.51512283 0.51512283 0.51512283]
indiv 25	[0.513844 0.513844 0.513844 0.513844 0.513844 0.513844 0.513844 0.513844
 0.513844 0.5      0.513844 0.513844 0.513844 0.513844 0.513844 0.513844
 0.513844 0.513844]
indiv 26	[0.5152828 0.5152828 0.5152828 0.5152828 0.5152828 0.5       0.5
 0.5152828 0.5       0.5       0.5152828 0.5152828 0.5152828 0.5
 0.5       0.5152828 0.5152828 0.5152828]
indiv 34	[0.5153522 0.5153522 0.5153522 0.5153522 0.5153522 0.5153522 0.5153522
 0.5153522 0.5153522 0.5       0.5153522 0.5153522 0.5       0.5153522
 0.5153522 0.5153522 0.5       0.5153522]
indiv 37	[0.5       0.5143116 0.5       0.5143116 0.5143116 0.5143116 0.5143116
 0.5       0.5143116 0.5143116 0.5143116 0.5143116 0.5143116 0.5143116
 0.5       0.5       0.5       0.5143116]
indiv 42	[0.51373655 0.51373655 0.51373655 0.51373655 0.51373655 0.5
 0.51373655 0.51373655 0.51373655 0.5        0.5        0.51373655
 0.51373655 0.51373655 0.51373655 0.51373655 0.51373655 0.5       ]
indiv 45	[0.5138593 0.5138593 0.5138593 0.5138593 0.5138593 0.5       0.5138593
 0.5138593 0.5138593 0.5       0.5       0.5138593 0.5138593 0.5138593
 0.5138593 0.5138593 0.5138593 0.5      ]
indiv 48	[0.52995783 0.52995783 0.52995783 0.52995783 0.52995783 0.5
 0.5        0.52995783 0.5        0.5        0.52995783 0.52995783
 0.52995783 0.5        0.5        0.52995783 0.52995783 0.52995783]
indiv 53	[0.5138593 0.5138593 0.5138593 0.5138593 0.5138593 0.5138593 0.5138593
 0.5138593 0.5138593 0.5       0.5138593 0.5138593 0.5138593 0.5138593
 0.5138593 0.5138593 0.5138593 0.5138593]
indiv 1	[0.51473314 0.51473314 0.51473314 0.51473314 0.51473314 0.51473314
 0.51473314 0.51473314 0.51473314 0.51473314 0.51473314 0.51473314
 0.51473314 0.51473314 0.5        0.51473314 0.51473314]
indiv 9	[0.5148023 0.5148023 0.5148023 0.5148023 0.5148023 0.5       0.5148023
 0.5148023 0.5148023 0.5148023 0.5148023 0.5148023 0.5148023 0.5
 0.5       0.5148023 0.5148023]
indiv 22	[0.51451576 0.51451576 0.51451576 0.51451576 0.51451576 0.51451576
 0.51451576 0.5        0.5        0.51451576 0.51451576 0.51451576
 0.51451576 0.5        0.5        0.51451576 0.51451576]
indiv 26	[0.5153522 0.5153522 0.5153522 0.5153522 0.5153522 0.5       0.5153522
 0.5153522 0.5153522 0.5153522 0.5153522 0.5153522 0.5153522 0.5
 0.5       0.5153522 0.5153522]
indiv 33	[0.5146825 0.5146825 0.5146825 0.5146825 0.5146825 0.5146825 0.5146825
 0.5146825 0.5146825 0.5       0.5146825 0.5146825 0.5146825 0.5146825
 0.5146825 0.5146825 0.5146825]
indiv 34	[0.5152168 0.5152168 0.5152168 0.5152168 0.5152168 0.5       0.5152168
 0.5       0.5       0.5152168 0.5152168 0.5152168 0.5       0.5
 0.5       0.5152168 0.5152168]
indiv 48	[0.52954614 0.52954614 0.52954614 0.52954614 0.52954614 0.5147282
 0.52954614 0.52954614 0.52954614 0.52954614 0.52954614 0.52954614
 0.52954614 0.5147282  0.5        0.52954614 0.52954614]
indiv 50	[0.5146825 0.5146825 0.5146825 0.5146825 0.5146825 0.5146825 0.5146825
 0.5146825 0.5146825 0.5       0.5146825 0.5146825 0.5146825 0.5146825
 0.5146825 0.5146825 0.5146825]
indiv 52	[0.5148422 0.5148422 0.5148422 0.5148422 0.5148422 0.5       0.5148422
 0.5148422 0.5       0.5148422 0.5148422 0.5       0.5148422 0.5
 0.5148422 0.5       0.5148422]
indiv 9	[0.5151233  0.5151233  0.5151233  0.49953052 0.5151233  0.49953052
 0.5151233  0.49953052 0.49953052 0.5151233  0.5151233  0.49953052
 0.49953052 0.5151233  0.5151233  0.5151233  0.5151233  0.5151233 ]
indiv 9	[0.5151233  0.5151233  0.5151233  0.49953052 0.5151233  0.49953052
 0.5151233  0.49953052 0.49953052 0.5151233  0.5151233  0.49953052
 0.49953052 0.5151233  0.5151233  0.5151233  0.5151233  0.5151233 ]
indiv 9	[0.5151233  0.5151233  0.5151233  0.49953052 0.5151233  0.49953052
 0.5151233  0.49953052 0.49953052 0.5151233  0.5151233  0.49953052
 0.49953052 0.5151233  0.5151233  0.5151233  0.5151233  0.5151233 ]
indiv 9	[0.5151233  0.5151233  0.5151233  0.49953052 0.5151233  0.49953052
 0.5151233  0.49953052 0.49953052 0.5151233  0.5151233  0.49953052
 0.49953052 0.5151233  0.5151233  0.5151233  0.5151233  0.5151233 ]
indiv 9	[0.5151233  0.5151233  0.5151233  0.49953052 0.5151233  0.49953052
 0.5151233  0.49953052 0.49953052 0.5151233  0.5151233  0.49953052
 0.49953052 0.5151233  0.5151233  0.5151233  0.5151233  0.5151233 ]
indiv 9	[0.5151233  0.5151233  0.5151233  0.49953052 0.5151233  0.49953052
 0.5151233  0.49953052 0.49953052 0.5151233  0.5151233  0.49953052
 0.49953052 0.5151233  0.5151233  0.5151233  0.5151233  0.5151233 ]
indiv 48	[0.53070205 0.53070205 0.53070205 0.49897048 0.53070205 0.49897048
 0.53070205 0.49897048 0.49897048 0.53070205 0.53070205 0.49897048
 0.49897048 0.53070205 0.53070205 0.53070205 0.53070205 0.53070205]
indiv 9	[0.5151233  0.5151233  0.5151233  0.49953052 0.5151233  0.49953052
 0.5151233  0.49953052 0.49953052 0.5151233  0.5151233  0.49953052
 0.49953052 0.5151233  0.5151233  0.5151233  0.5151233  0.5151233 ]
indiv 9	[0.5151233  0.5151233  0.5151233  0.49953052 0.5151233  0.49953052
 0.5151233  0.49953052 0.49953052 0.5151233  0.5151233  0.49953052
 0.49953052 0.5151233  0.5151233  0.5151233  0.5151233  0.5151233 ]
indiv 9	[0.5145819 0.5145819 0.5145819 0.5145819 0.5145819 0.5       0.5145819
 0.5145819 0.5       0.5145819 0.5       0.5145819 0.5       0.5
 0.5145819 0.5145819 0.5145819 0.5145819]
indiv 9	[0.5145819 0.5145819 0.5145819 0.5145819 0.5145819 0.5       0.5145819
 0.5145819 0.5       0.5145819 0.5       0.5145819 0.5       0.5
 0.5145819 0.5145819 0.5145819 0.5145819]
indiv 9	[0.5145819 0.5145819 0.5145819 0.5145819 0.5145819 0.5       0.5145819
 0.5145819 0.5       0.5145819 0.5       0.5145819 0.5       0.5
 0.5145819 0.5145819 0.5145819 0.5145819]
indiv 9	[0.5145819 0.5145819 0.5145819 0.5145819 0.5145819 0.5       0.5145819
 0.5145819 0.5       0.5145819 0.5       0.5145819 0.5       0.5
 0.5145819 0.5145819 0.5145819 0.5145819]
indiv 9	[0.5145819 0.5145819 0.5145819 0.5145819 0.5145819 0.5       0.5145819
 0.5145819 0.5       0.5145819 0.5       0.5145819 0.5       0.5
 0.5145819 0.5145819 0.5145819 0.5145819]
indiv 9	[0.5145819 0.5145819 0.5145819 0.5145819 0.5145819 0.5       0.5145819
 0.5145819 0.5       0.5145819 0.5       0.5145819 0.5       0.5
 0.5145819 0.5145819 0.5145819 0.5145819]
indiv 48	[0.5290988  0.5290988  0.5290988  0.5290988  0.5290988  0.5145188
 0.51460475 0.5290988  0.5145188  0.5290988  0.5        0.51460475
 0.5        0.5        0.5290988  0.5290988  0.5290988  0.5290988 ]
indiv 9	[0.5145819 0.5145819 0.5145819 0.5145819 0.5145819 0.5       0.5145819
 0.5145819 0.5       0.5145819 0.5       0.5145819 0.5       0.5
 0.5145819 0.5145819 0.5145819 0.5145819]
indiv 9	[0.5145819 0.5145819 0.5145819 0.5145819 0.5145819 0.5       0.5145819
 0.5145819 0.5       0.5145819 0.5       0.5145819 0.5       0.5
 0.5145819 0.5145819 0.5145819 0.5145819]
indiv 9	[0.5144087 0.5144087 0.5144087 0.5144087 0.5144087 0.5144087 0.5144087
 0.5144087 0.5       0.5144087 0.5144087 0.5       0.5       0.5144087
 0.5144087 0.5       0.5144087 0.5144087]
indiv 9	[0.5144087 0.5144087 0.5144087 0.5144087 0.5144087 0.5144087 0.5144087
 0.5144087 0.5       0.5144087 0.5144087 0.5       0.5       0.5144087
 0.5144087 0.5       0.5144087 0.5144087]
indiv 9	[0.5144087 0.5144087 0.5144087 0.5144087 0.5144087 0.5144087 0.5144087
 0.5144087 0.5       0.5144087 0.5144087 0.5       0.5       0.5144087
 0.5144087 0.5       0.5144087 0.5144087]
indiv 9	[0.5144087 0.5144087 0.5144087 0.5144087 0.5144087 0.5144087 0.5144087
 0.5144087 0.5       0.5144087 0.5144087 0.5       0.5       0.5144087
 0.5144087 0.5       0.5144087 0.5144087]
indiv 9	[0.5144087 0.5144087 0.5144087 0.5144087 0.5144087 0.5144087 0.5144087
 0.5144087 0.5       0.5144087 0.5144087 0.5       0.5       0.5144087
 0.5144087 0.5       0.5144087 0.5144087]
indiv 9	[0.5144087 0.5144087 0.5144087 0.5144087 0.5144087 0.5144087 0.5144087
 0.5144087 0.5       0.5144087 0.5144087 0.5       0.5       0.5144087
 0.5144087 0.5       0.5144087 0.5144087]
indiv 48	[0.5        0.52804786 0.52804786 0.52804786 0.52804786 0.5
 0.52804786 0.52804786 0.52804786 0.5        0.52804786 0.5
 0.52804786 0.52804786 0.52804786 0.5        0.5        0.52804786]
indiv 9	[0.5144087 0.5144087 0.5144087 0.5144087 0.5144087 0.5144087 0.5144087
 0.5144087 0.5       0.5144087 0.5144087 0.5       0.5       0.5144087
 0.5144087 0.5       0.5144087 0.5144087]
indiv 9	[0.5144087 0.5144087 0.5144087 0.5144087 0.5144087 0.5144087 0.5144087
 0.5144087 0.5       0.5144087 0.5144087 0.5       0.5       0.5144087
 0.5144087 0.5       0.5144087 0.5144087]
indiv 9	[0.51436406 0.51436406 0.51436406 0.5        0.5        0.51436406
 0.51436406 0.5        0.51436406 0.51436406 0.5        0.5
 0.51436406 0.51436406 0.51436406 0.51436406 0.51436406 0.5       ]
indiv 9	[0.51436406 0.51436406 0.51436406 0.5        0.5        0.51436406
 0.51436406 0.5        0.51436406 0.51436406 0.5        0.5
 0.51436406 0.51436406 0.51436406 0.51436406 0.51436406 0.5       ]
indiv 9	[0.51436406 0.51436406 0.51436406 0.5        0.5        0.51436406
 0.51436406 0.5        0.51436406 0.51436406 0.5        0.5
 0.51436406 0.51436406 0.51436406 0.51436406 0.51436406 0.5       ]
indiv 9	[0.51436406 0.51436406 0.51436406 0.5        0.5        0.51436406
 0.51436406 0.5        0.51436406 0.51436406 0.5        0.5
 0.51436406 0.51436406 0.51436406 0.51436406 0.51436406 0.5       ]
indiv 9	[0.51436406 0.51436406 0.51436406 0.5        0.5        0.51436406
 0.51436406 0.5        0.51436406 0.51436406 0.5        0.5
 0.51436406 0.51436406 0.51436406 0.51436406 0.51436406 0.5       ]
indiv 9	[0.51436406 0.51436406 0.51436406 0.5        0.5        0.51436406
 0.51436406 0.5        0.51436406 0.51436406 0.5        0.5
 0.51436406 0.51436406 0.51436406 0.51436406 0.51436406 0.5       ]
indiv 48	[0.52919304 0.52919304 0.52919304 0.5        0.5        0.52919304
 0.52919304 0.5        0.52919304 0.52919304 0.5        0.5
 0.52919304 0.52919304 0.52919304 0.52919304 0.52919304 0.5       ]
indiv 9	[0.51436406 0.51436406 0.51436406 0.5        0.5        0.51436406
 0.51436406 0.5        0.51436406 0.51436406 0.5        0.5
 0.51436406 0.51436406 0.51436406 0.51436406 0.51436406 0.5       ]
indiv 9	[0.51436406 0.51436406 0.51436406 0.5        0.5        0.51436406
 0.51436406 0.5        0.51436406 0.51436406 0.5        0.5
 0.51436406 0.51436406 0.51436406 0.51436406 0.51436406 0.5       ]
indiv 9	[0.5        0.51474863 0.51474863 0.51474863 0.5        0.51474863
 0.51474863 0.5        0.51474863 0.51474863 0.51474863 0.51474863
 0.5        0.51474863 0.51474863 0.51474863 0.5       ]
indiv 9	[0.5        0.51474863 0.51474863 0.51474863 0.5        0.51474863
 0.51474863 0.5        0.51474863 0.51474863 0.51474863 0.51474863
 0.5        0.51474863 0.51474863 0.51474863 0.5       ]
indiv 9	[0.5        0.51474863 0.51474863 0.51474863 0.5        0.51474863
 0.51474863 0.5        0.51474863 0.51474863 0.51474863 0.51474863
 0.5        0.51474863 0.51474863 0.51474863 0.5       ]
indiv 9	[0.5        0.51474863 0.51474863 0.51474863 0.5        0.51474863
 0.51474863 0.5        0.51474863 0.51474863 0.51474863 0.51474863
 0.5        0.51474863 0.51474863 0.51474863 0.5       ]
indiv 9	[0.5        0.51474863 0.51474863 0.51474863 0.5        0.51474863
 0.51474863 0.5        0.51474863 0.51474863 0.51474863 0.51474863
 0.5        0.51474863 0.51474863 0.51474863 0.5       ]
indiv 9	[0.5        0.51474863 0.51474863 0.51474863 0.5        0.51474863
 0.51474863 0.5        0.51474863 0.51474863 0.51474863 0.51474863
 0.5        0.51474863 0.51474863 0.51474863 0.5       ]
indiv 48	[0.51467884 0.529412   0.529412   0.529412   0.51467884 0.529412
 0.529412   0.51467884 0.529412   0.529412   0.529412   0.5147586
 0.5        0.529412   0.529412   0.529412   0.5       ]
indiv 9	[0.5        0.51474863 0.51474863 0.51474863 0.5        0.51474863
 0.51474863 0.5        0.51474863 0.51474863 0.51474863 0.51474863
 0.5        0.51474863 0.51474863 0.51474863 0.5       ]
indiv 9	[0.5        0.51474863 0.51474863 0.51474863 0.5        0.51474863
 0.51474863 0.5        0.51474863 0.51474863 0.51474863 0.51474863
 0.5        0.51474863 0.51474863 0.51474863 0.5       ]
