indiv 1	[1. 1. 1. 1. 1. 1. 1. 1. 1. 1. 0. 1. 1. 1. 0. 1. 1. 1.]
indiv 2	[1. 1. 1. 1. 1. 1. 1. 1. 1. 1. 1. 1. 1. 1. 1. 0. 1. 1.]
indiv 7	[0. 0. 0. 0. 1. 1. 1. 0. 1. 1. 1. 1. 1. 1. 0. 0. 1. 1.]
indiv 9	[1. 1. 1. 1. 1. 0. 1. 1. 1. 0. 0. 0. 0. 1. 0. 1. 1. 1.]
indiv 10	[0. 0. 1. 1. 1. 1. 1. 0. 1. 1. 1. 1. 1. 1. 1. 1. 1. 1.]
indiv 25	[0. 0. 1. 1. 1. 1. 1. 0. 1. 1. 1. 1. 1. 1. 1. 1. 1. 1.]
indiv 26	[1. 1. 1. 1. 1. 0. 1. 1. 1. 0. 0. 0. 0. 1. 0. 1. 1. 1.]
indiv 48	[1. 1. 1. 1. 1. 0. 1. 1. 1. 0. 0. 0. 0. 1. 0. 1. 1. 1.]
indiv 50	[1. 1. 1. 1. 1. 1. 1. 0. 1. 1. 1. 1. 0. 1. 1. 1. 1. 0.]
indiv 53	[0. 0. 1. 1. 1. 1. 1. 0. 1. 1. 1. 1. 1. 1. 1. 1. 1. 1.]
indiv 1	[1. 1. 1. 1. 1. 1. 1. 1. 1. 0. 1. 0. 1. 0. 1. 1. 1. 0.]
indiv 7	[1. 1. 1. 0. 1. 0. 0. 0. 1. 1. 1. 1. 1. 1. 1. 1. 1. 1.]
indiv 9	[1. 1. 1. 1. 0. 1. 1. 1. 0. 0. 1. 1. 1. 0. 1. 1. 1. 0.]
indiv 22	[1. 1. 1. 1. 1. 1. 0. 1. 1. 0. 1. 0. 0. 0. 1. 1. 1. 0.]
indiv 26	[1. 1. 1. 1. 0. 1. 1. 1. 0. 0. 1. 1. 1. 0. 1. 1. 1. 0.]
indiv 34	[1. 1. 1. 0. 1. 1. 0. 1. 0. 0. 1. 0. 1. 0. 1. 1. 1. 0.]
indiv 37	[0. 1. 1. 1. 1. 1. 0. 1. 1. 1. 1. 1. 1. 0. 1. 1. 1. 0.]
indiv 48	[1. 1. 1. 1. 0. 1. 1. 1. 0. 0. 1. 1. 1. 0. 1. 1. 1. 0.]
indiv 1	[0. 1. 1. 1. 0. 1. 1. 1. 1. 1. 1. 1. 0. 1. 1. 1. 1. 0.]
indiv 2	[1. 1. 1. 1. 1. 1. 1. 1. 1. 1. 1. 1. 0. 1. 1. 0. 1. 0.]
indiv 9	[0. 1. 1. 0. 0. 1. 0. 1. 1. 1. 0. 1. 1. 1. 1. 1. 1. 0.]
indiv 26	[0. 1. 1. 0. 0. 1. 0. 1. 1. 1. 0. 1. 1. 1. 1. 1. 1. 0.]
indiv 34	[0. 1. 1. 1. 1. 1. 1. 1. 1. 0. 0. 0. 1. 1. 1. 1. 1. 1.]
indiv 47	[1. 1. 0. 1. 1. 1. 1. 1. 1. 1. 1. 1. 0. 1. 1. 1. 1. 0.]
indiv 48	[0. 1. 1. 0. 0. 1. 0. 1. 1. 1. 0. 1. 1. 1. 1. 1. 1. 0.]
indiv 1	[1. 1. 1. 1. 1. 0. 1. 1. 1. 0. 1. 1. 0. 1. 0. 0. 0. 1.]
indiv 7	[1. 1. 1. 1. 1. 0. 0. 1. 1. 1. 0. 1. 1. 1. 0. 1. 1. 1.]
indiv 9	[1. 1. 1. 1. 1. 0. 0. 1. 0. 0. 1. 1. 1. 0. 0. 1. 1. 1.]
indiv 10	[1. 1. 1. 1. 1. 1. 1. 1. 1. 0. 1. 1. 1. 1. 1. 1. 1. 1.]
indiv 22	[1. 1. 0. 0. 1. 1. 1. 1. 1. 0. 1. 1. 0. 1. 1. 1. 1. 1.]
indiv 25	[1. 1. 1. 1. 1. 1. 1. 1. 1. 0. 1. 1. 1. 1. 1. 1. 1. 1.]
indiv 26	[1. 1. 1. 1. 1. 0. 0. 1. 0. 0. 1. 1. 1. 0. 0. 1. 1. 1.]
indiv 34	[1. 1. 1. 1. 1. 1. 1. 1. 1. 0. 1. 1. 0. 1. 1. 1. 0. 1.]
indiv 37	[0. 1. 0. 1. 1. 1. 1. 0. 1. 1. 1. 1. 1. 1. 0. 0. 0. 1.]
indiv 42	[1. 1. 1. 1. 1. 0. 1. 1. 1. 0. 0. 1. 1. 1. 1. 1. 1. 0.]
indiv 45	[1. 1. 1. 1. 1. 0. 1. 1. 1. 0. 0. 1. 1. 1. 1. 1. 1. 0.]
indiv 48	[1. 1. 1. 1. 1. 0. 0. 1. 0. 0. 1. 1. 1. 0. 0. 1. 1. 1.]
indiv 53	[1. 1. 1. 1. 1. 1. 1. 1. 1. 0. 1. 1. 1. 1. 1. 1. 1. 1.]
indiv 1	[1. 1. 1. 1. 1. 1. 1. 1. 1. 1. 1. 1. 1. 1. 0. 1. 1.]
indiv 9	[1. 1. 1. 1. 1. 0. 1. 1. 1. 1. 1. 1. 1. 0. 0. 1. 1.]
indiv 22	[1. 1. 1. 1. 1. 1. 1. 0. 0. 1. 1. 1. 1. 0. 0. 1. 1.]
indiv 26	[1. 1. 1. 1. 1. 0. 1. 1. 1. 1. 1. 1. 1. 0. 0. 1. 1.]
indiv 33	[1. 1. 1. 1. 1. 1. 1. 1. 1. 0. 1. 1. 1. 1. 1. 1. 1.]
indiv 34	[1. 1. 1. 1. 1. 0. 1. 0. 0. 1. 1. 1. 0. 0. 0. 1. 1.]
indiv 48	[1. 1. 1. 1. 1. 1. 1. 1. 1. 1. 1. 1. 1. 1. 0. 1. 1.]
indiv 50	[1. 1. 1. 1. 1. 1. 1. 1. 1. 0. 1. 1. 1. 1. 1. 1. 1.]
indiv 52	[1. 1. 1. 1. 1. 0. 1. 1. 0. 1. 1. 0. 1. 0. 1. 0. 1.]
indiv 9	[1. 1. 1. 0. 1. 0. 1. 0. 0. 1. 1. 0. 0. 1. 1. 1. 1. 1.]
indiv 9	[1. 1. 1. 0. 1. 0. 1. 0. 0. 1. 1. 0. 0. 1. 1. 1. 1. 1.]
indiv 9	[1. 1. 1. 0. 1. 0. 1. 0. 0. 1. 1. 0. 0. 1. 1. 1. 1. 1.]
indiv 9	[1. 1. 1. 0. 1. 0. 1. 0. 0. 1. 1. 0. 0. 1. 1. 1. 1. 1.]
indiv 9	[1. 1. 1. 0. 1. 0. 1. 0. 0. 1. 1. 0. 0. 1. 1. 1. 1. 1.]
indiv 9	[1. 1. 1. 0. 1. 0. 1. 0. 0. 1. 1. 0. 0. 1. 1. 1. 1. 1.]
indiv 48	[1. 1. 1. 0. 1. 0. 1. 0. 0. 1. 1. 0. 0. 1. 1. 1. 1. 1.]
indiv 9	[1. 1. 1. 0. 1. 0. 1. 0. 0. 1. 1. 0. 0. 1. 1. 1. 1. 1.]
indiv 9	[1. 1. 1. 0. 1. 0. 1. 0. 0. 1. 1. 0. 0. 1. 1. 1. 1. 1.]
indiv 9	[1. 1. 1. 1. 1. 0. 1. 1. 0. 1. 0. 1. 0. 0. 1. 1. 1. 1.]
indiv 9	[1. 1. 1. 1. 1. 0. 1. 1. 0. 1. 0. 1. 0. 0. 1. 1. 1. 1.]
indiv 9	[1. 1. 1. 1. 1. 0. 1. 1. 0. 1. 0. 1. 0. 0. 1. 1. 1. 1.]
indiv 9	[1. 1. 1. 1. 1. 0. 1. 1. 0. 1. 0. 1. 0. 0. 1. 1. 1. 1.]
indiv 9	[1. 1. 1. 1. 1. 0. 1. 1. 0. 1. 0. 1. 0. 0. 1. 1. 1. 1.]
indiv 9	[1. 1. 1. 1. 1. 0. 1. 1. 0. 1. 0. 1. 0. 0. 1. 1. 1. 1.]
indiv 48	[1. 1. 1. 1. 1. 1. 1. 1. 1. 1. 0. 1. 0. 0. 1. 1. 1. 1.]
indiv 9	[1. 1. 1. 1. 1. 0. 1. 1. 0. 1. 0. 1. 0. 0. 1. 1. 1. 1.]
indiv 9	[1. 1. 1. 1. 1. 0. 1. 1. 0. 1. 0. 1. 0. 0. 1. 1. 1. 1.]
indiv 9	[1. 1. 1. 1. 1. 1. 1. 1. 0. 1. 1. 0. 0. 1. 1. 0. 1. 1.]
indiv 9	[1. 1. 1. 1. 1. 1. 1. 1. 0. 1. 1. 0. 0. 1. 1. 0. 1. 1.]
indiv 9	[1. 1. 1. 1. 1. 1. 1. 1. 0. 1. 1. 0. 0. 1. 1. 0. 1. 1.]
indiv 9	[1. 1. 1. 1. 1. 1. 1. 1. 0. 1. 1. 0. 0. 1. 1. 0. 1. 1.]
indiv 9	[1. 1. 1. 1. 1. 1. 1. 1. 0. 1. 1. 0. 0. 1. 1. 0. 1. 1.]
indiv 9	[1. 1. 1. 1. 1. 1. 1. 1. 0. 1. 1. 0. 0. 1. 1. 0. 1. 1.]
indiv 48	[0. 1. 1. 1. 1. 0. 1. 1. 1. 0. 1. 0. 1. 1. 1. 0. 0. 1.]
indiv 9	[1. 1. 1. 1. 1. 1. 1. 1. 0. 1. 1. 0. 0. 1. 1. 0. 1. 1.]
indiv 9	[1. 1. 1. 1. 1. 1. 1. 1. 0. 1. 1. 0. 0. 1. 1. 0. 1. 1.]
indiv 9	[1. 1. 1. 0. 0. 1. 1. 0. 1. 1. 0. 0. 1. 1. 1. 1. 1. 0.]
indiv 9	[1. 1. 1. 0. 0. 1. 1. 0. 1. 1. 0. 0. 1. 1. 1. 1. 1. 0.]
indiv 9	[1. 1. 1. 0. 0. 1. 1. 0. 1. 1. 0. 0. 1. 1. 1. 1. 1. 0.]
indiv 9	[1. 1. 1. 0. 0. 1. 1. 0. 1. 1. 0. 0. 1. 1. 1. 1. 1. 0.]
indiv 9	[1. 1. 1. 0. 0. 1. 1. 0. 1. 1. 0. 0. 1. 1. 1. 1. 1. 0.]
indiv 9	[1. 1. 1. 0. 0. 1. 1. 0. 1. 1. 0. 0. 1. 1. 1. 1. 1. 0.]
indiv 48	[1. 1. 1. 0. 0. 1. 1. 0. 1. 1. 0. 0. 1. 1. 1. 1. 1. 0.]
indiv 9	[1. 1. 1. 0. 0. 1. 1. 0. 1. 1. 0. 0. 1. 1. 1. 1. 1. 0.]
indiv 9	[1. 1. 1. 0. 0. 1. 1. 0. 1. 1. 0. 0. 1. 1. 1. 1. 1. 0.]
indiv 9	[0. 1. 1. 1. 0. 1. 1. 0. 1. 1. 1. 1. 0. 1. 1. 1. 0.]
indiv 9	[0. 1. 1. 1. 0. 1. 1. 0. 1. 1. 1. 1. 0. 1. 1. 1. 0.]
indiv 9	[0. 1. 1. 1. 0. 1. 1. 0. 1. 1. 1. 1. 0. 1. 1. 1. 0.]
indiv 9	[0. 1. 1. 1. 0. 1. 1. 0. 1. 1. 1. 1. 0. 1. 1. 1. 0.]
indiv 9	[0. 1. 1. 1. 0. 1. 1. 0. 1. 1. 1. 1. 0. 1. 1. 1. 0.]
indiv 9	[0. 1. 1. 1. 0. 1. 1. 0. 1. 1. 1. 1. 0. 1. 1. 1. 0.]
indiv 48	[1. 1. 1. 1. 1. 1. 1. 1. 1. 1. 1. 1. 0. 1. 1. 1. 0.]
indiv 9	[0. 1. 1. 1. 0. 1. 1. 0. 1. 1. 1. 1. 0. 1. 1. 1. 0.]
indiv 9	[0. 1. 1. 1. 0. 1. 1. 0. 1. 1. 1. 1. 0. 1. 1. 1. 0.]
