Generation: 0
[ 2.13146563  2.68076974  6.10516365 15.38421897  0.23195565  4.56545598
  0.69437523  2.38654027  3.08273623  0.26447973  1.68111105  1.
  1.          1.          1.          1.          1.          1.
  1.          1.          1.          1.          1.          1.
  1.          1.          1.          1.          1.          1.
  1.          1.          1.          1.          1.          1.
  1.        ]
Active Features: [  149   388   810  1441  2021  2319  2809  2936  3122  3465  3765  3930
  5317  7681  8055  8386  8732  8795  8864  9126  9213 10413 10550 10912
 11536 11652]

Generation: 1
[ 1.10764484  1.4509412   6.78706712 17.81350321  0.30171771  5.97013485
  0.3224893   1.09868005  6.86223155  6.91855085  3.10244549  1.
  1.          1.          1.          1.          1.          1.
  1.          1.          1.        ]
Active Features: [  588  1576  2042  2603  4434  4591  8024 10376 13022 13077]

Generation: 2
[ 2.13146563  2.68076974  6.10516365 15.38421897  0.23195565  4.56545598
  0.69437523  4.98737659  3.22948531  0.26447973  1.68111105  1.
  1.          1.          1.          1.          1.          1.
  1.          1.          1.          1.          1.          1.
  1.          1.          1.          1.          1.        ]
Active Features: [  810  2021  2108  2319  2809  2936  3465  3765  3799  3930  5317  7100
  8371  8422 10051 10912 11536 11652]

Generation: 3
[ 2.13146563  2.68076974  6.10516365 15.38421897  0.23195565  4.56545598
  0.69437523  4.98737659  3.22948531  0.26447973  1.68111105  1.
  1.          1.          1.          1.          1.          1.
  1.          1.          1.          1.          1.          1.
  1.          1.          1.          1.          1.        ]
Active Features: [  810  2021  2108  2319  2809  2936  3465  3765  3799  3930  5317  7100
  8371  8422 10051 10912 11536 11652]

Generation: 4
[2.13146563 2.68076974 6.10516365 1.13699715 0.23195565 4.56545598
 0.69437523 2.38654027 3.08273623 1.43557831 1.68111105 1.
 1.         1.         1.         1.         1.         1.
 1.         1.         1.        ]
Active Features: [ 2319  2809  3465  3930  7530  7897  8337 10413 10912 11652]

Generation: 5
[ 2.13146563  2.68076974  6.10516365 15.38421897  0.23195565  4.56545598
  0.69437523  1.63918173  3.08273623  0.26447973  1.68111105  1.
  1.          1.          1.          1.          1.          1.
  1.        ]
Active Features: [  588  3465  3765  8349 10570 11185 11536 11652]

Generation: 6
[2.13146563 2.68076974 6.10516365 1.13699715 0.23195565 4.56545598
 0.69437523 2.38654027 3.08273623 1.43557831 1.68111105 1.
 1.         1.         1.         1.         1.         1.
 1.         1.         1.         1.         1.        ]
Active Features: [ 2319  2480  2625  2809  3055  3465  3930  7530  7897  8337  9767 11039]

Generation: 7
[2.13146563 2.68076974 6.10516365 1.13699715 0.23195565 4.56545598
 0.69437523 2.38654027 3.08273623 1.43557831 1.68111105 1.
 1.         1.         1.         1.         1.         1.
 1.         1.         1.        ]
Active Features: [2319 2480 2809 3055 3465 3930 7100 7530 8337 9767]

Generation: 8
[3.99119355e+00 2.78051690e+00 8.65403423e+00 6.25895389e+01
 5.80877142e-02 4.16336897e+00 3.47809437e+00 9.69644685e+00
 3.39572038e+00 6.39121684e+00 2.00272928e+00 1.00000000e+00
 1.00000000e+00 1.00000000e+00 1.00000000e+00 1.00000000e+00
 1.00000000e+00 1.00000000e+00 1.00000000e+00 1.00000000e+00
 1.00000000e+00 1.00000000e+00 1.00000000e+00]
Active Features: [  733  1605  2319  2480  3055  3465  3748  5543  7162 11502 11536 12347]

Generation: 9
[3.99119355e+00 2.78051690e+00 8.65403423e+00 6.25895389e+01
 5.80877142e-02 4.16336897e+00 3.47809437e+00 9.69644685e+00
 3.39572038e+00 6.39121684e+00 2.00272928e+00 1.00000000e+00
 1.00000000e+00 1.00000000e+00 1.00000000e+00 1.00000000e+00
 1.00000000e+00 1.00000000e+00 1.00000000e+00 1.00000000e+00
 1.00000000e+00 1.00000000e+00 1.00000000e+00 1.00000000e+00
 1.00000000e+00 1.00000000e+00]
Active Features: [  733  1259  1605  2319  2480  3055  3465  3748  5543  7162 10082 11502
 11536 12347 12491]

Generation: 10
[ 1.47607753  1.4509412   6.99868881 17.81350321  0.30171771  5.93182942
  0.3224893   1.09868005  6.86223155  6.91855085  3.10244549  1.
  1.          1.          1.          1.          1.          1.
  1.          1.          1.          1.        ]
Active Features: [ 1207  2083  3489  7177  7608  7886  8264 10084 10340 10471 10950]

Generation: 11
[ 1.47607753  1.4509412   6.99868881 17.81350321  0.30171771  5.93182942
  0.3224893   1.09868005  6.86223155  6.91855085  3.10244549  1.
  1.          1.          1.          1.          1.          1.
  1.          1.          1.          1.        ]
Active Features: [ 1207  2083  3489  7177  7608  7886  8264 10084 10340 10471 10950]

Generation: 12
[ 2.13146563  2.03725804  6.02106873 15.38421897  0.23195565  4.56545598
  0.69437523  1.63918173  3.08273623  0.26447973  1.68111105  1.
  1.          1.          1.          1.        ]
Active Features: [ 5859 10389 10477 10613 10962]

Generation: 13
[ 2.13146563  2.03725804  6.02106873 15.38421897  0.23195565  4.56545598
  0.69437523  1.63918173  3.08273623  0.26447973  1.68111105  1.
  1.          1.          1.        ]
Active Features: [ 5859 10477 10613 10962]

Generation: 14
[3.99119355e+00 2.78051690e+00 8.65403423e+00 6.25895389e+01
 5.80877142e-02 4.16336897e+00 2.43344038e+00 9.69644685e+00
 3.39572038e+00 6.39121684e+00 2.00272928e+00 1.00000000e+00
 1.00000000e+00 1.00000000e+00 1.00000000e+00 1.00000000e+00
 1.00000000e+00 1.00000000e+00 1.00000000e+00 1.00000000e+00
 1.00000000e+00 1.00000000e+00 1.00000000e+00 1.00000000e+00
 1.00000000e+00 1.00000000e+00 1.00000000e+00 1.00000000e+00
 1.00000000e+00 1.00000000e+00 1.00000000e+00]
Active Features: [   35  1420  1638  1644  1653  1849  3696  3940  4434  4700  7177  7608
  7886  8211 10084 10340 10471 12347 12954 13096]

Generation: 15
[ 0.44260297  0.95376843  4.63612782 56.11398851  0.33087099  4.23308892
  5.53354271  0.57333312  2.18245634  0.          1.82489851  1.
  1.          1.          1.          1.          1.          1.
  1.          1.          1.          1.          1.        ]
Active Features: [ 1135  1462  2505  4819  8019  8195  8386 10084 10340 10471 11837 11910]

Generation: 16
[ 2.13146563  2.03725804  6.10516365 15.38421897  0.23195565  4.56545598
  0.69437523  1.63918173  3.12016996  0.26447973  1.68111105  1.
  1.          1.          1.          1.          1.          1.
  1.          1.          1.          1.          1.          1.        ]
Active Features: [ 3685  4309  4749  5155  5353  7741  8569  8781  9192 10471 10950 11726
 12391]

Generation: 17
[3.99119355e+00 2.78051690e+00 8.65403423e+00 6.25895389e+01
 5.80877142e-02 4.16336897e+00 2.43344038e+00 9.69644685e+00
 3.39572038e+00 6.39121684e+00 2.00272928e+00 1.00000000e+00
 1.00000000e+00 1.00000000e+00 1.00000000e+00 1.00000000e+00
 1.00000000e+00]
Active Features: [ 3158  3765  4700  8211 10084 10471]

Generation: 18
[ 0.44260297  0.95376843  4.63612782 56.11398851  0.33087099  4.23308892
  5.53354271  0.57333312  2.18245634  0.          1.82489851  1.
  1.          1.          1.          1.          1.          1.
  1.          1.          1.          1.        ]
Active Features: [ 3909  3981  4819  7316  8880 10389 10613 10962 11294 11837 11910]

Generation: 19
[ 0.44260297  0.95376843  4.63612782 56.11398851  0.33087099  4.23308892
  5.53354271  0.57333312  2.18245634  0.          1.82489851  1.
  1.          1.          1.          1.          1.          1.
  1.          1.          1.          1.          1.        ]
Active Features: [ 1462  1798  2241  3158  7608  7722 10340 10410 10471 11393 11837 11910]

Generation: 20
[ 2.13146563  2.68076974  6.10516365 15.38421897  0.23195565  4.56545598
  0.69437523  1.63918173  3.08273623  0.26447973  1.68111105  1.
  1.          1.        ]
Active Features: [ 6779 10340 10471]

Generation: 21
[ 2.13146563  2.68076974  6.10516365 15.38421897  0.23195565  4.56545598
  0.69437523  1.63918173  3.08273623  0.26447973  1.68111105  1.
  1.          1.        ]
Active Features: [ 6779 10340 10471]

Generation: 22
[ 2.13146563  2.68076974  6.10516365 15.38421897  0.23195565  4.56545598
  0.69437523  1.63918173  3.08273623  0.26447973  1.68111105  1.
  1.          1.        ]
Active Features: [ 6779 10340 10471]

Generation: 23
[ 2.13146563  2.68076974  6.10516365 15.38421897  0.23195565  4.56545598
  0.69437523  1.63918173  3.08273623  0.26447973  1.68111105  1.        ]
Active Features: [10471]

Generation: 24
[ 2.13146563  2.68076974  6.10516365 15.38421897  0.23195565  4.56545598
  0.69437523  1.63918173  3.08273623  0.26447973  1.68111105  1.        ]
Active Features: [10471]

