Pareto: 1 
 [0.90909091 0.66339869 1.         0.50264118 0.62047367 0.63803891
 0.69286881 0.66339869 0.71025974 0.61116883]

Pareto: 2 
 [0.83333333 0.60653595 1.         0.24644488 0.48904035 0.54494334
 0.44140471 0.60653595 0.57558442 0.50649351]

Pareto: 3 
 [0.83333333 0.60653595 1.         0.08280787 0.46344748 0.53689093
 0.39038754 0.60653595 0.5        0.5       ]

Pareto: 4 
 [0.76923077 0.60653595 1.         0.         0.4580272  0.53689093
 0.36796958 0.60653595 0.5        0.5       ]

Pareto: 5 
 [0.58823529 0.60653595 1.         0.         0.4580272  0.53689093
 0.36796958 0.60653595 0.5        0.5       ]

Pareto: 6 
 [0.55555556 0.60653595 1.         0.         0.4580272  0.53689093
 0.36796958 0.60653595 0.5        0.5       ]

Pareto: 7 
 [0.52631579 0.60653595 1.         0.         0.4580272  0.53689093
 0.36796958 0.60653595 0.5        0.5       ]

Pareto: 8 
 [0.47619048 0.60653595 1.         0.         0.4580272  0.53689093
 0.36796958 0.60653595 0.5        0.5       ]

Pareto: 9 
 [0.41666667 0.60653595 1.         0.         0.4580272  0.53689093
 0.36796958 0.60653595 0.5        0.5       ]

Pareto: 10 
 [0.37037037 0.60653595 1.         0.         0.4580272  0.53689093
 0.36796958 0.60653595 0.5        0.5       ]

Pareto: 11 
 [0.34482759 0.60653595 1.         0.         0.4580272  0.53689093
 0.36796958 0.60653595 0.5        0.5       ]

Pareto: 12 
 [0.3125     0.60653595 1.         0.         0.4580272  0.53689093
 0.36796958 0.60653595 0.5        0.5       ]

Pareto: 13 
 [0.29411765 0.60653595 1.         0.         0.4580272  0.53689093
 0.36796958 0.60653595 0.5        0.5       ]

Pareto: 14 
 [0.25641026 0.60653595 1.         0.         0.4580272  0.53689093
 0.36796958 0.60653595 0.5        0.5       ]

Pareto: 15 
 [0.25641026 0.39346405 1.         0.         0.22226144 0.30076726
 0.15489769 0.39346405 0.5        0.5       ]

Pareto: 16 
 [0. 0. 0. 0. 0. 0. 0. 0. 0. 0.]

Pareto: 1 
 [0.90909091 0.6627451  1.         0.5540852  0.63321095 0.64564249
 0.68579234 0.6627451  0.7038961  0.62155844]

Pareto: 2 
 [0.90909091 0.65098039 1.         0.50888475 0.61409949 0.63036066
 0.6577415  0.65098039 0.65194805 0.59077922]

Pareto: 3 
 [0.76923077 0.63921569 1.         0.50519162 0.60358747 0.61885184
 0.6502569  0.63921569 0.59857143 0.58688312]

Pareto: 4 
 [0.76923077 0.60653595 1.         0.26649361 0.50777673 0.54762651
 0.47198465 0.60653595 0.50675325 0.50935065]

Pareto: 5 
 [0.66666667 0.60653595 1.         0.23502641 0.46888543 0.53689093
 0.42762567 0.60653595 0.5        0.5       ]

Pareto: 6 
 [0.66666667 0.60653595 1.         0.         0.4580272  0.53689093
 0.36796958 0.60653595 0.5        0.5       ]

Pareto: 7 
 [0.625      0.60653595 1.         0.         0.4580272  0.53689093
 0.36796958 0.60653595 0.5        0.5       ]

Pareto: 8 
 [0.52631579 0.60653595 1.         0.         0.4580272  0.53689093
 0.36796958 0.60653595 0.5        0.5       ]

Pareto: 9 
 [0.41666667 0.60653595 1.         0.         0.4580272  0.53689093
 0.36796958 0.60653595 0.5        0.5       ]

Pareto: 10 
 [0.41666667 0.60653595 1.         0.         0.4580272  0.53689093
 0.36796958 0.60653595 0.5        0.5       ]

Pareto: 11 
 [0.4        0.60653595 1.         0.         0.4580272  0.53689093
 0.36796958 0.60653595 0.5        0.5       ]

Pareto: 12 
 [0.35714286 0.60653595 1.         0.         0.4580272  0.53689093
 0.36796958 0.60653595 0.5        0.5       ]

Pareto: 13 
 [0.3125     0.60653595 1.         0.         0.4580272  0.53689093
 0.36796958 0.60653595 0.5        0.5       ]

Pareto: 14 
 [0.3030303  0.60653595 1.         0.         0.4580272  0.53689093
 0.36796958 0.60653595 0.5        0.5       ]

Pareto: 15 
 [0.27777778 0.60653595 1.         0.         0.4580272  0.53689093
 0.36796958 0.60653595 0.5        0.5       ]

Pareto: 16 
 [0.26315789 0.60653595 1.         0.         0.4580272  0.53689093
 0.36796958 0.60653595 0.5        0.5       ]

Pareto: 1 
 [0.90909091 0.69607843 1.         0.57300099 0.66392188 0.67786269
 0.72148208 0.69607843 0.72090909 0.64272727]

Pareto: 2 
 [0.83333333 0.60718954 1.         0.49077522 0.55346447 0.57721155
 0.56909703 0.60718954 0.67766234 0.54181818]

Pareto: 3 
 [0.76923077 0.60653595 1.         0.08944272 0.47319852 0.53783271
 0.40033406 0.60653595 0.52935065 0.5       ]

Pareto: 4 
 [0.76923077 0.60653595 1.         0.058554   0.4580272  0.53689093
 0.36796958 0.60653595 0.5        0.5       ]

Pareto: 5 
 [0.58823529 0.60653595 1.         0.         0.4580272  0.53689093
 0.36796958 0.60653595 0.5        0.5       ]

Pareto: 6 
 [0.58823529 0.60653595 1.         0.         0.4580272  0.53689093
 0.36796958 0.60653595 0.5        0.5       ]

Pareto: 7 
 [0.55555556 0.60653595 1.         0.         0.4580272  0.53689093
 0.36796958 0.60653595 0.5        0.5       ]

Pareto: 8 
 [0.43478261 0.60653595 1.         0.         0.4580272  0.53689093
 0.36796958 0.60653595 0.5        0.5       ]

Pareto: 9 
 [0.41666667 0.60653595 1.         0.         0.4580272  0.53689093
 0.36796958 0.60653595 0.5        0.5       ]

Pareto: 10 
 [0.33333333 0.60653595 1.         0.         0.4580272  0.53689093
 0.36796958 0.60653595 0.5        0.5       ]

Pareto: 1 
 [0.90909091 0.68496732 1.         0.55682259 0.62936848 0.65439329
 0.76470588 0.68496732 0.72155844 0.62077922]

Pareto: 2 
 [0.90909091 0.64117647 1.         0.52563283 0.61287073 0.62487609
 0.65123608 0.64117647 0.69532468 0.58961039]

Pareto: 3 
 [0.71428571 0.60653595 1.         0.48615828 0.57179888 0.58365525
 0.60598919 0.60653595 0.63571429 0.55233766]

Pareto: 4 
 [0.66666667 0.60653595 1.         0.         0.4580272  0.53689093
 0.36796958 0.60653595 0.5        0.5       ]

Pareto: 5 
 [0.58823529 0.60653595 1.         0.         0.4580272  0.53689093
 0.36796958 0.60653595 0.5        0.5       ]

Pareto: 6 
 [0.58823529 0.60653595 1.         0.         0.4580272  0.53689093
 0.36796958 0.60653595 0.5        0.5       ]

Pareto: 7 
 [0.5        0.60653595 1.         0.         0.4580272  0.53689093
 0.36796958 0.60653595 0.5        0.5       ]

Pareto: 8 
 [0.41666667 0.60653595 1.         0.         0.4580272  0.53689093
 0.36796958 0.60653595 0.5        0.5       ]

Pareto: 9 
 [0.38461538 0.39346405 1.         0.         0.22226144 0.30076726
 0.15489769 0.39346405 0.5        0.5       ]

Pareto: 10 
 [0. 0. 0. 0. 0. 0. 0. 0. 0. 0.]

Pareto: 1 
 [0.90909091 0.6869281  1.         0.55998993 0.64059063 0.65615886
 0.71764706 0.6869281  0.74272727 0.61597403]

Pareto: 2 
 [0.90909091 0.61830065 1.         0.48761431 0.5862477  0.60100596
 0.61459084 0.61830065 0.71116883 0.57727273]

Pareto: 3 
 [0.71428571 0.60653595 1.         0.40698505 0.55390957 0.57411085
 0.55136944 0.60653595 0.65051948 0.53584416]

Pareto: 4 
 [0.58823529 0.60653595 1.         0.27552448 0.49556756 0.53689093
 0.52158056 0.60653595 0.58       0.51948052]

Pareto: 5 
 [0.5        0.60653595 1.         0.         0.4580272  0.53689093
 0.36796958 0.60653595 0.5        0.5       ]

Pareto: 6 
 [0.47619048 0.60653595 1.         0.         0.4580272  0.53689093
 0.36796958 0.60653595 0.5        0.5       ]

Pareto: 7 
 [0.35714286 0.60653595 1.         0.         0.4580272  0.53689093
 0.36796958 0.60653595 0.5        0.5       ]

Pareto: 8 
 [0.34482759 0.60653595 1.         0.         0.4580272  0.53689093
 0.36796958 0.60653595 0.5        0.5       ]

Pareto: 9 
 [0.26315789 0.60653595 1.         0.         0.4580272  0.53689093
 0.36796958 0.60653595 0.5        0.5       ]

Pareto: 10 
 [0. 0. 0. 0. 0. 0. 0. 0. 0. 0.]

Pareto: 1 
 [0.90909091 0.69542484 1.         0.58073356 0.64063077 0.66587069
 0.70870098 0.69542484 0.76805195 0.63506494]

Pareto: 2 
 [0.83333333 0.66470588 1.         0.52394669 0.63192205 0.64813192
 0.63297276 0.66470588 0.69701299 0.61207792]

Pareto: 3 
 [0.625      0.60653595 1.         0.35187963 0.51961442 0.5554638
 0.52174743 0.60653595 0.61363636 0.51688312]

Pareto: 4 
 [0.52631579 0.60653595 1.         0.         0.4580272  0.53689093
 0.36796958 0.60653595 0.53090909 0.5       ]

Pareto: 5 
 [0.3030303  0.60653595 1.         0.         0.4580272  0.53689093
 0.36796958 0.60653595 0.5        0.5       ]

Pareto: 6 
 [0. 0. 0. 0. 0. 0. 0. 0. 0. 0.]

Pareto: 1 
 [0.90909091 0.68627451 1.         0.62574786 0.6728236  0.67917574
 0.73072207 0.68627451 0.75441558 0.66051948]

Pareto: 2 
 [0.83333333 0.63986928 1.         0.48934992 0.59957726 0.61774212
 0.66730367 0.63986928 0.66519481 0.58168831]

Pareto: 3 
 [0.66666667 0.61830065 1.         0.41960927 0.56544878 0.59104087
 0.61080377 0.61830065 0.58207792 0.54883117]

Pareto: 4 
 [0.5        0.60653595 1.         0.33282763 0.52020657 0.54742807
 0.52823912 0.60653595 0.54454545 0.50298701]

Pareto: 1 
 [0.90909091 0.69738562 1.         0.56721092 0.67531947 0.68647193
 0.67460784 0.69738562 0.74272727 0.65922078]

Pareto: 2 
 [0.71428571 0.65294118 1.         0.50742636 0.62846267 0.64059245
 0.64899432 0.65294118 0.70454545 0.60727273]

Pareto: 3 
 [0.625      0.64052288 1.         0.49262395 0.57286848 0.60528016
 0.61692292 0.64052288 0.66701299 0.57922078]

Pareto: 4 
 [0.3030303  0.57254902 0.75238095 0.4640726  0.54882215 0.56016403
 0.55538354 0.57254902 0.56701299 0.53142857]

Pareto: 1 
 [0.83333333 0.6869281  1.         0.60720098 0.66971474 0.67800266
 0.67316176 0.6869281  0.72493506 0.65103896]

Pareto: 2 
 [0.625      0.64052288 1.         0.58444088 0.63158588 0.63635993
 0.67104837 0.64052288 0.67974026 0.61285714]

Pareto: 3 
 [0.52631579 0.60653595 1.         0.39290831 0.53405255 0.56670073
 0.51193174 0.60653595 0.60207792 0.53584416]

Pareto: 4 
 [0.38461538 0.59477124 0.97555556 0.1069045  0.47741717 0.53948137
 0.40889615 0.59477124 0.5512987  0.50714286]

Pareto: 5 
 [0.29411765 0.59477124 0.97555556 0.1069045  0.47741717 0.53948137
 0.40889615 0.59477124 0.5512987  0.50714286]

Pareto: 6 
 [0. 0. 0. 0. 0. 0. 0. 0. 0. 0.]

Pareto: 1 
 [0.90909091 0.71764706 1.         0.5873539  0.67488801 0.6944367
 0.75742523 0.71764706 0.71779221 0.66363636]

Pareto: 2 
 [0.66666667 0.67385621 1.         0.56308479 0.64360919 0.65493421
 0.71802281 0.67385621 0.71077922 0.63311688]

Pareto: 3 
 [0.45454545 0.63006536 1.         0.49678459 0.59217128 0.60900724
 0.67907352 0.63006536 0.63       0.58298701]

Pareto: 4 
 [0.38461538 0.58366013 0.86666667 0.394572   0.51064109 0.54039743
 0.54186547 0.58366013 0.51701299 0.50844156]

Pareto: 1 
 [0.90909091 0.67385621 1.         0.60647547 0.6596567  0.6654965
 0.67509532 0.67385621 0.72       0.63922078]

Pareto: 2 
 [0.66666667 0.63006536 1.         0.48870833 0.59188532 0.61128864
 0.66755109 0.63006536 0.67272727 0.57779221]

Pareto: 3 
 [0.5        0.61960784 1.         0.3550089  0.56109398 0.59010894
 0.557227   0.61960784 0.64142857 0.56532468]

Pareto: 4 
 [0.4        0.60653595 1.         0.26682843 0.47980826 0.53689093
 0.48088235 0.60653595 0.51272727 0.5       ]

Pareto: 5 
 [0.3125     0.60653595 1.         0.         0.4580272  0.53689093
 0.36796958 0.60653595 0.5        0.5       ]

Pareto: 1 
 [0.90909091 0.71830065 1.         0.62782104 0.69441621 0.70495756
 0.74247779 0.71830065 0.71896104 0.67922078]

Pareto: 2 
 [0.66666667 0.65163399 1.         0.5487176  0.62068429 0.63402607
 0.67622423 0.65163399 0.71779221 0.6038961 ]

Pareto: 3 
 [0.47619048 0.61764706 1.         0.43557986 0.55696749 0.58543298
 0.55919118 0.61764706 0.63545455 0.54545455]

Pareto: 4 
 [0.37037037 0.60653595 0.93333333 0.12060454 0.48826985 0.55089598
 0.41772267 0.60653595 0.52077922 0.52077922]

Pareto: 1 
 [0.90909091 0.71764706 1.         0.66219937 0.68972321 0.69879978
 0.74661869 0.71764706 0.77051948 0.67090909]

Pareto: 2 
 [0.90909091 0.67320261 1.         0.57763207 0.6229239  0.64710672
 0.65616713 0.67320261 0.72025974 0.60987013]

Pareto: 3 
 [0.55555556 0.63986928 0.98666667 0.45724473 0.59031635 0.60738257
 0.63372329 0.63986928 0.69181818 0.5787013 ]

Pareto: 4 
 [0.47619048 0.61830065 0.96365079 0.42513956 0.56496077 0.58347315
 0.59002684 0.61830065 0.62818182 0.55532468]

Pareto: 5 
 [0.26315789 0.58300654 0.85       0.31235038 0.51489296 0.54835926
 0.58321662 0.58300654 0.51649351 0.50597403]

Pareto: 1 
 [0.90909091 0.71960784 1.         0.60558596 0.68468428 0.6989543
 0.73856248 0.71960784 0.76103896 0.66363636]

Pareto: 2 
 [0.90909091 0.67647059 1.         0.54234598 0.65101678 0.66378032
 0.68385984 0.67647059 0.67987013 0.64194805]

Pareto: 3 
 [0.83333333 0.63006536 1.         0.43319331 0.57873967 0.60253818
 0.6136613  0.63006536 0.65       0.55974026]

Pareto: 4 
 [0.58823529 0.60653595 1.         0.3558316  0.53969026 0.56859306
 0.53596992 0.60653595 0.63220779 0.52636364]

Pareto: 5 
 [0.47619048 0.60653595 1.         0.         0.4580272  0.53689093
 0.36796958 0.60653595 0.62350649 0.5       ]

Pareto: 6 
 [0.38461538 0.60653595 0.70333333 0.         0.4580272  0.53689093
 0.36796958 0.60653595 0.62350649 0.5       ]

Pareto: 7 
 [0. 0. 0. 0. 0. 0. 0. 0. 0. 0.]

Pareto: 1 
 [0.90909091 0.71895425 1.         0.66164999 0.70884561 0.71285379
 0.71894738 0.71895425 0.70714286 0.6825974 ]

Pareto: 2 
 [0.76923077 0.68366013 1.         0.61423837 0.67084831 0.67627963
 0.68005255 0.68366013 0.67584416 0.64402597]

Pareto: 3 
 [0.52631579 0.62875817 0.96478632 0.54098857 0.59161717 0.60006168
 0.60627957 0.62875817 0.67168831 0.58025974]

Pareto: 4 
 [0.38461538 0.56143791 0.10222222 0.45397069 0.53798489 0.54935424
 0.53940518 0.56143791 0.53844156 0.52415584]

Pareto: 5 
 [0. 0. 0. 0. 0. 0. 0. 0. 0. 0.]

Pareto: 1 
 [0.90909091 0.6745098  1.         0.54964999 0.64324486 0.65679643
 0.68118361 0.6745098  0.74662338 0.63493506]

Pareto: 2 
 [0.71428571 0.66339869 1.         0.45530675 0.60969678 0.6374856
 0.60606326 0.66339869 0.69220779 0.60506494]

Pareto: 3 
 [0.625      0.60653595 0.96       0.40030152 0.52081108 0.55984216
 0.5172158  0.60653595 0.59506494 0.52454545]

Pareto: 4 
 [0.20833333 0.53986928 0.90444444 0.27808975 0.48917178 0.5151825
 0.48607026 0.53986928 0.54584416 0.47571429]

Pareto: 5 
 [0.20833333 0.52875817 0.9        0.24453666 0.47098374 0.50138762
 0.45607026 0.52875817 0.5225974  0.46142857]

Pareto: 1 
 [0.90909091 0.70980392 1.         0.62931852 0.68232058 0.69380174
 0.75958692 0.70980392 0.73103896 0.65454545]

Pareto: 2 
 [0.90909091 0.65163399 1.         0.53522012 0.62159729 0.63515762
 0.67174292 0.65163399 0.71597403 0.60207792]

Pareto: 3 
 [0.90909091 0.60653595 0.98666667 0.47435084 0.52800685 0.56559001
 0.54578537 0.60653595 0.68415584 0.53636364]

Pareto: 4 
 [0. 0. 0. 0. 0. 0. 0. 0. 0. 0.]

Pareto: 1 
 [0.90909091 0.72026144 1.         0.65280811 0.70636773 0.71214919
 0.73129669 0.72026144 0.75454545 0.68350649]

Pareto: 2 
 [0.76923077 0.72026144 1.         0.65280811 0.70636773 0.71214919
 0.72070424 0.72026144 0.70142857 0.68350649]

Pareto: 3 
 [0.71428571 0.66470588 1.         0.63226639 0.65542621 0.65934415
 0.67887776 0.66470588 0.67818182 0.63831169]

Pareto: 4 
 [0.5        0.60653595 1.         0.54992976 0.57166098 0.58736731
 0.61838365 0.60653595 0.63103896 0.56519481]

Pareto: 5 
 [0.4        0.60653595 1.         0.         0.4580272  0.53689093
 0.36796958 0.60653595 0.5        0.5       ]

Pareto: 6 
 [0.37037037 0.60653595 1.         0.         0.4580272  0.53689093
 0.36796958 0.60653595 0.5        0.5       ]

Pareto: 7 
 [0.33333333 0.60653595 1.         0.         0.4580272  0.53689093
 0.36796958 0.60653595 0.5        0.5       ]

Pareto: 8 
 [0. 0. 0. 0. 0. 0. 0. 0. 0. 0.]

Pareto: 1 
 [0.90909091 0.69738562 1.         0.64411909 0.68946113 0.69252806
 0.71686289 0.69738562 0.70766234 0.66441558]

Pareto: 2 
 [0.83333333 0.63986928 1.         0.56276912 0.61753901 0.62346514
 0.62424266 0.63986928 0.63246753 0.59337662]

Pareto: 3 
 [0.76923077 0.60653595 1.         0.45189207 0.53332841 0.56372515
 0.55809684 0.60653595 0.56909091 0.52363636]

Pareto: 4 
 [0.5        0.60653595 1.         0.19218478 0.48238143 0.53689093
 0.46556373 0.60653595 0.5        0.5       ]

Pareto: 1 
 [0.90909091 0.69542484 1.         0.57815357 0.66740567 0.6784083
 0.70558524 0.69542484 0.76038961 0.63844156]

Pareto: 2 
 [0.83333333 0.67320261 1.         0.5748585  0.63915222 0.65676213
 0.67164471 0.67320261 0.67194805 0.63766234]

Pareto: 3 
 [0.66666667 0.67320261 1.         0.52713356 0.63915222 0.65676213
 0.62280102 0.67320261 0.67194805 0.63766234]

Pareto: 4 
 [0.625      0.63986928 1.         0.46558487 0.60269353 0.6205508
 0.60860399 0.63986928 0.63948052 0.58779221]

Pareto: 5 
 [0.52631579 0.60653595 1.         0.         0.4580272  0.53689093
 0.36796958 0.60653595 0.5        0.5       ]

Pareto: 6 
 [0.43478261 0.60653595 1.         0.         0.4580272  0.53689093
 0.36796958 0.60653595 0.5        0.5       ]

Pareto: 7 
 [0. 0. 0. 0. 0. 0. 0. 0. 0. 0.]

Pareto: 1 
 [0.90909091 0.73137255 1.         0.67874614 0.72307331 0.72652098
 0.73701369 0.73137255 0.75961039 0.69779221]

Pareto: 2 
 [0.83333333 0.66339869 1.         0.57324568 0.60224257 0.63153743
 0.65454015 0.66339869 0.67519481 0.59779221]

Pareto: 3 
 [0.76923077 0.60653595 1.         0.4340736  0.54616015 0.5702913
 0.55260011 0.60653595 0.65909091 0.54714286]

Pareto: 4 
 [0.66666667 0.60653595 1.         0.         0.4580272  0.53689093
 0.36796958 0.60653595 0.5        0.5       ]

Pareto: 5 
 [0.625      0.60653595 1.         0.         0.4580272  0.53689093
 0.36796958 0.60653595 0.5        0.5       ]

Pareto: 6 
 [0.58823529 0.60653595 1.         0.         0.4580272  0.53689093
 0.36796958 0.60653595 0.5        0.5       ]

Pareto: 7 
 [0.47619048 0.60653595 1.         0.         0.4580272  0.53689093
 0.36796958 0.60653595 0.5        0.5       ]

Pareto: 8 
 [0.45454545 0.60653595 1.         0.         0.4580272  0.53689093
 0.36796958 0.60653595 0.5        0.5       ]

Pareto: 9 
 [0.43478261 0.60653595 1.         0.         0.4580272  0.53689093
 0.36796958 0.60653595 0.5        0.5       ]

Pareto: 10 
 [0.32258065 0.59542484 0.976      0.         0.45260848 0.52865014
 0.36517365 0.59542484 0.47272727 0.49090909]

Pareto: 1 
 [0.90909091 0.71764706 1.         0.66589111 0.7085084  0.71159891
 0.74613194 0.71764706 0.77402597 0.68597403]

Pareto: 2 
 [0.83333333 0.6627451  1.         0.52383999 0.63085622 0.64365387
 0.67937481 0.6627451  0.71922078 0.61545455]

Pareto: 3 
 [0.76923077 0.65098039 1.         0.51406716 0.60096331 0.62168106
 0.67201426 0.65098039 0.6538961  0.58220779]

Pareto: 4 
 [0.66666667 0.64052288 1.         0.49987266 0.57965678 0.60904701
 0.62766205 0.64052288 0.62402597 0.56792208]

Pareto: 5 
 [0.52631579 0.60653595 1.         0.         0.4580272  0.53689093
 0.36796958 0.60653595 0.5        0.5       ]

Pareto: 6 
 [0.52631579 0.60653595 1.         0.         0.4580272  0.53689093
 0.36796958 0.60653595 0.5        0.5       ]

Pareto: 7 
 [0. 0. 0. 0. 0. 0. 0. 0. 0. 0.]

Pareto: 1 
 [0.90909091 0.6745098  1.         0.57915408 0.65250334 0.66155424
 0.69005319 0.6745098  0.70883117 0.62857143]

Pareto: 2 
 [0.90909091 0.64052288 1.         0.50157022 0.600377   0.6209114
 0.67009113 0.64052288 0.65714286 0.59298701]

Pareto: 3 
 [0.83333333 0.61895425 1.         0.46592766 0.58155798 0.60045235
 0.58918161 0.61895425 0.63545455 0.57051948]

Pareto: 4 
 [0.58823529 0.60653595 1.         0.29410798 0.51259156 0.54424992
 0.49094499 0.60653595 0.59142857 0.50818182]

Pareto: 5 
 [0.47619048 0.60653595 1.         0.         0.4580272  0.53689093
 0.36796958 0.60653595 0.5        0.5       ]

Pareto: 6 
 [0.43478261 0.60653595 1.         0.         0.4580272  0.53689093
 0.36796958 0.60653595 0.5        0.5       ]

Pareto: 7 
 [0.43478261 0.60653595 0.98933333 0.         0.4580272  0.53689093
 0.36796958 0.60653595 0.4961039  0.5       ]

Pareto: 8 
 [0. 0. 0. 0. 0. 0. 0. 0. 0. 0.]

Pareto: 1 
 [0.90909091 0.73006536 1.         0.67061799 0.71816152 0.72200998
 0.75592886 0.73006536 0.71181818 0.69779221]

Pareto: 2 
 [0.90909091 0.73006536 1.         0.67061799 0.71816152 0.72200998
 0.75140711 0.73006536 0.6912987  0.69779221]

Pareto: 3 
 [0.71428571 0.6627451  1.         0.54181038 0.63323422 0.64480732
 0.69730509 0.6627451  0.67220779 0.60597403]

Pareto: 4 
 [0.66666667 0.64117647 1.         0.50100845 0.59389664 0.61771317
 0.65439752 0.64117647 0.64155844 0.58298701]

Pareto: 5 
 [0.47619048 0.60653595 1.         0.37603926 0.52706762 0.55044455
 0.51407771 0.60653595 0.58493506 0.52376623]

Pareto: 6 
 [0.45454545 0.60653595 1.         0.         0.4580272  0.53689093
 0.36796958 0.60653595 0.5        0.5       ]

Pareto: 7 
 [0. 0. 0. 0. 0. 0. 0. 0. 0. 0.]

Pareto: 1 
 [0.90909091 0.71830065 1.         0.69314981 0.71533275 0.71634126
 0.73124378 0.71830065 0.71714286 0.70337662]

Pareto: 2 
 [0.90909091 0.69607843 1.         0.57872311 0.66794881 0.67895284
 0.70666978 0.69607843 0.71376623 0.63935065]

Pareto: 3 
 [0.76923077 0.65163399 1.         0.57660015 0.63308845 0.64040272
 0.7004659  0.65163399 0.6574026  0.60818182]

Pareto: 4 
 [0.625      0.61764706 1.         0.43919588 0.56158383 0.58920016
 0.57063934 0.61764706 0.60597403 0.54883117]

Pareto: 5 
 [0.5        0.60653595 1.         0.         0.4580272  0.53689093
 0.36796958 0.60653595 0.5        0.5       ]

