Generation: 0
Pareto 1: [ 0  1  2  5  6 11 15 17 18 35 40 41 42 43 44 49 50 55 59]
Pareto 2: [ 4 24 29 38 39 52]
Pareto 3: [ 3 27 32]
Pareto 4: [ 7 56]
Pareto 5: [34 36]
Pareto 6: [28 47]
Pareto 7: [13 22 26]
Pareto 8: [14 58]
Pareto 9: [16 19 20 21]
Pareto 10: [ 9 12]
Pareto 11: [31 57]
Pareto 12: 53
Pareto 13: 33
Pareto 14: 37
Pareto 15: 30
Pareto 16: [ 8 10 23 25 45 46 48 51 54]

Generation: 1
Pareto 1: [11 12 15 18 20 21 22 24 26 28 34 42 45 48 49 56 58]
Pareto 2: [ 0  9 10 13 23 25 39 41 51 52 53 59]
Pareto 3: [ 2  5  6 35 47]
Pareto 4: [ 7 38 46 55]
Pareto 5: [ 3 14]
Pareto 6: [30 44 54]
Pareto 7: [31 37]
Pareto 8: [ 8 33 43]
Pareto 9: 57
Pareto 10: [27 36]
Pareto 11: [29 40]
Pareto 12: [ 1 16 32]
Pareto 13: 4
Pareto 14: 50
Pareto 15: 17
Pareto 16: 19

Generation: 2
Pareto 1: [ 0  3  5  8  9 16 18 20 21 24 25 27 28 30 31 32 55 56 59]
Pareto 2: [ 1  4 10 11 13 17 23 34 35 36 39 44 48 52 53]
Pareto 3: [ 2  7 19 33 40 42 54]
Pareto 4: [37 38 47 49 50]
Pareto 5: 15
Pareto 6: [29 43]
Pareto 7: [26 51]
Pareto 8: [22 41 57 58]
Pareto 9: [ 6 14 45 46]
Pareto 10: 12

Generation: 3
Pareto 1: [ 0  6 10 15 16 22 26 35 40 41 42 45 48 49 51 55 59]
Pareto 2: [ 1  5  7 11 12 20 24 25 30 31 33 34 44 50 52 53 54 56 57 58]
Pareto 3: [ 2  3  4  8 18 19 27 28 29 32 43 47]
Pareto 4: [14 38]
Pareto 5: 21
Pareto 6: [17 46]
Pareto 7: [ 9 37]
Pareto 8: [36 39]
Pareto 9: 13
Pareto 10: 23

Generation: 4
Pareto 1: [ 2  3  4  7  8 13 15 25 26 28 30 32 34 36 38 40 42 44 46 50 52 53 55 56
 58]
Pareto 2: [ 0 11 12 19 23 24 31 33 35 37 39 43 45 48 49 51 54 57]
Pareto 3: [ 1 17 27 29 59]
Pareto 4: [ 5  9 16 41]
Pareto 5: [21 22]
Pareto 6: [18 47]
Pareto 7: 20
Pareto 8: 10
Pareto 9: 14
Pareto 10: 6

Generation: 5
Pareto 1: [ 0  1  4  7  8  9 10 11 12 13 19 20 21 22 23 24 25 34 36 37 40 41 42 44
 46 50 52 58]
Pareto 2: [ 2  3  6 14 15 16 17 18 27 28 29 30 31 32 35 45 53 54 55 56]
Pareto 3: [ 5 26 33 39 48 49 51 59]
Pareto 4: [43 57]
Pareto 5: 47
Pareto 6: 38

Generation: 6
Pareto 1: [ 0  1  2  4  5  7  8  9 10 12 14 15 16 17 19 21 22 23 24 26 27 29 32 33
 36 38 41 43 45 47 48 50 53 59]
Pareto 2: [ 3 11 13 18 28 34 37 39 42 44 46 49 51 52 54 55 56 57 58]
Pareto 3: [20 25 30 31 35]
Pareto 4: [ 6 40]

Generation: 7
Pareto 1: [ 1  2  3  4  6  7 13 14 17 18 20 21 25 26 31 32 33 36 37 38 40 41 42 44
 45 46 48 58]
Pareto 2: [ 0  5  9 15 19 24 27 29 30 34 43 47 51 53 54 55 56 57]
Pareto 3: [ 8 10 11 12 16 22 23 28 39 52]
Pareto 4: [35 49 50 59]

Generation: 8
Pareto 1: [ 0  2  3  4  5  6 10 14 23 25 27 28 29 30 31 32 36 37 39 44 53 56 58 59]
Pareto 2: [ 1  7  9 11 12 13 17 18 19 21 22 24 34 35 42 43 45 46 47 50 52 54 55]
Pareto 3: [ 8 15 16 26 33 40 41 48 51]
Pareto 4: 38
Pareto 5: 20
Pareto 6: [49 57]

Generation: 9
Pareto 1: [ 0  4  5  6  9 13 14 20 23 26 29 35 36 38 39 40 41 42 43 44 53 58 59]
Pareto 2: [ 1  2  3  7  8 10 11 12 16 17 19 22 24 25 30 45 46 47 52 55 57]
Pareto 3: [18 21 27 28 31 32 33 34 49 50 51 54 56]
Pareto 4: [15 37 48]

Generation: 10
Pareto 1: [ 0  1  2  3  4  8  9 15 16 20 21 23 27 28 30 37 39 43 46 47 48 49 51]
Pareto 2: [ 5 11 13 14 17 18 24 25 31 32 38 40 41 42 44 53 54 55 56 57 58 59]
Pareto 3: [ 6  7 19 22 33 34 35 36 50]
Pareto 4: [10 12 26 29 45]
Pareto 5: 52

Generation: 11
Pareto 1: [ 0  1  7 15 16 22 25 26 36 39 40 42 43 47 56 58 59]
Pareto 2: [ 3  4  9 10 11 12 18 19 20 24 28 29 30 32 34 35 37 38 44 46 48 49 50 52
 53 54 57]
Pareto 3: [ 2  5  6  8 13 14 17 21 23 27 31 33 41 51 55]
Pareto 4: 45

Generation: 12
Pareto 1: [ 2  3  4  6 11 12 18 19 20 27 31 32 33 34 38 44 46 47 49 51 54 56 57 59]
Pareto 2: [ 0  1  7  9 10 14 25 36 37 39 58]
Pareto 3: [ 5 13 15 16 17 21 22 23 26 42 45 48 50 53]
Pareto 4: [ 8 24 28 29 30 35 40 41 43 52]
Pareto 5: 55

Generation: 13
Pareto 1: [ 0  1  3  4  5 12 14 16 18 30 31 35 42 44 51 53 54 55 56 58 59]
Pareto 2: [ 6  9 11 13 17 19 21 24 25 26 27 34 40 45 46 47 49 50 57]
Pareto 3: [ 7  8 15 20 23 28 36 41]
Pareto 4: [10 32 37 39 43 48 52]
Pareto 5: [29 38]
Pareto 6: 22
Pareto 7: [ 2 33]

Generation: 14
Pareto 1: [ 0  2  7  8 11 13 17 18 24 29 32 38 39 41 42 44 46 47 48 49 52 54 55 58]
Pareto 2: [ 1  3  5  9 12 14 15 16 19 22 25 26 27 28 33 34 35 36 40 51 53 57 59]
Pareto 3: [10 20 21 23 30 31 37 43 45 50 56]
Pareto 4: 6
Pareto 5: 4

Generation: 15
Pareto 1: [ 2  5  6  8 11 13 18 21 22 24 28 32 35 36 39 42 43 46 48 53 55 57 58 59]
Pareto 2: [ 0  1  3  4  9 10 12 14 15 16 17 20 31 33 40 41 45 47 49 50 54 56]
Pareto 3: [19 23 25 26 27 29 34 37 38 44 51 52]
Pareto 4: 30
Pareto 5: 7

Generation: 16
Pareto 1: [ 0  1  3  5  6 10 11 12 14 20 21 23 24 25 26 29 30 33 34 38 39 42 43 45
 46 54 55]
Pareto 2: [ 7  8  9 15 17 19 22 27 28 31 32 35 36 41 44 47 50 51 53 56 58]
Pareto 3: [ 2  4 13 16 18 37 40 48 49 52 57]
Pareto 4: 59

Generation: 17
Pareto 1: [ 0  1  3  7 12 13 14 16 19 20 22 25 28 29 30 34 37 38 40 43 53 56 57 58]
Pareto 2: [ 2  5 15 18 26 32 33 35 46 51 52]
Pareto 3: [ 4  6 11 21 23 31 39 45 47 48 49 50 55 59]
Pareto 4: [ 8  9 17 24 27 42 44]
Pareto 5: 54
Pareto 6: 41
Pareto 7: 10
Pareto 8: 36

Generation: 18
Pareto 1: [ 0  1  2  3  5  7  9 11 14 15 18 22 25 26 28 29 31 32 33 34 35 45 46 49
 50 54 55 57 58]
Pareto 2: [ 6  8 10 12 13 16 17 19 20 23 24 27 30 39 41 42 44 47 48 52 53 56]
Pareto 3: [21 36 38 40 43 51 59]
Pareto 4: [ 4 37]

Generation: 19
Pareto 1: [ 0  1  2  3  4  5  6  7  8 13 17 20 29 30 31 32 33 34 35 37 39 42 45 46
 48 56 57 58]
Pareto 2: [ 9 16 18 22 23 25 27 28 36 41 44 50 52 54 55]
Pareto 3: [14 15 21 24 40 49 59]
Pareto 4: [11 19 26 43 47 51 53]
Pareto 5: 12
Pareto 6: 10
Pareto 7: 38

Generation: 20
Pareto 1: [ 0  2  8 13 15 18 19 21 23 24 26 27 31 36 37 39 40 48 51 56 57 58]
Pareto 2: [ 1  6  7 10 11 14 16 20 28 30 32 33 46 49 50 54 55 59]
Pareto 3: [ 4 17 22 25 34 35 38 42 45 52]
Pareto 4: 41
Pareto 5: 44
Pareto 6: [ 9 12]
Pareto 7: 5
Pareto 8: 29
Pareto 9: [ 3 47]
Pareto 10: [43 53]

Generation: 21
Pareto 1: [ 0  8 11 13 15 17 18 19 21 22 23 24 25 27 32 33 34 36 37 38 41 45 46 48
 54 56 59]
Pareto 2: [ 1  4  5  9 10 12 28 30 39 44 50 52 53]
Pareto 3: [ 7 20 26 29 42 49 51 55 57]
Pareto 4: [16 31 35 40 47 58]
Pareto 5: 3
Pareto 6: [ 6 43]
Pareto 7: [ 2 14]

Generation: 22
Pareto 1: [ 0  2  3  4  5  9 17 23 24 28 30 31 32 33 34 36 39 41 44 45 48 50 51 56
 59]
Pareto 2: [ 1  8 12 13 18 20 27 29 35 37 47 49 52 53 54 58]
Pareto 3: [ 7 14 15 21 22 25 26 40 42 43 57]
Pareto 4: [10 16 46 55]
Pareto 5: 38
Pareto 6: 19
Pareto 7: 11
Pareto 8: 6

Generation: 23
Pareto 1: [ 0  2  3  5  6  7  9 18 19 20 22 23 28 30 32 37 38 40 46 53 54 59]
Pareto 2: [ 4 11 13 24 25 26 33 41 47 55]
Pareto 3: [17 29 34 36 42 44 57]
Pareto 4: [ 1  8 10 14 15 16 21 31 45 50 51 58]
Pareto 5: [39 52]
Pareto 6: 49
Pareto 7: [12 27 35 43 48 56]

Generation: 24
Pareto 1: [ 0  5  6  8 13 18 19 22 27 29 31 33 36 38 39 43 44 48 51 52 53 54 57]
Pareto 2: [ 1  2  7  9 11 16 17 20 21 23 25 30 35 50 55 59]
Pareto 3: [ 3 12 14 15 24 26 32 34 41 45 46 47 56 58]
Pareto 4: [ 4 10 28 37 49]
Pareto 5: [40 42]

