Generation 0
[0.02419679 0.02419679 0.02419679 0.01775743 0.01940973 0.02419679
 0.02419679 0.01701043 0.         0.01604078 0.         0.02419679
 0.01604078 0.01641989 0.01629803 0.02419679 0.01615332 0.02419679
 0.02419679 0.01615332 0.01615332 0.01615332 0.01641989 0.
 0.01940973 0.         0.01641989 0.01775743 0.01649097 0.01940973
 0.01235948 0.01597868 0.01775743 0.0158554  0.01657042 0.02419679
 0.01657042 0.01576373 0.01940973 0.01940973 0.02419679 0.02419679
 0.02419679 0.02419679 0.02419679 0.         0.         0.01649097
 0.         0.02419679 0.02419679 0.         0.01940973 0.01590009
 0.         0.02419679 0.01701043 0.01597868 0.01629803 0.02419679]
Generation 1
[0.01056273 0.01317629 0.01880869 0.01515311 0.01308696 0.01880869
 0.01880869 0.01584308 0.0135148  0.0194567  0.0194567  0.02023675
 0.0127893  0.0194567  0.01515311 0.0127893  0.01317629 0.01301749
 0.02023675 0.01298823 0.02023675 0.02023675 0.02023675 0.0194567
 0.02023675 0.0194567  0.02023675 0.0132954  0.02023675 0.01326205
 0.01379563 0.01371226 0.01317629 0.0135148  0.02023675 0.01880869
 0.0132954  0.01371226 0.01584308 0.0194567  0.01326205 0.01056273
 0.02023675 0.0135148  0.01379563 0.02023675 0.01584308 0.01880869
 0.02023675 0.02023675 0.01306802 0.0194567  0.0194567  0.0194567
 0.01379563 0.01584308 0.02023675 0.0132954  0.02023675 0.0194567 ]
Generation 2
[0.02045387 0.01795859 0.01437277 0.02045387 0.01795859 0.02045387
 0.01301031 0.01437277 0.02045387 0.02045387 0.01795859 0.01795859
 0.01284714 0.01795859 0.01301031 0.01334625 0.02045387 0.01795859
 0.02045387 0.01437277 0.02045387 0.02045387 0.01304579 0.01795859
 0.02045387 0.02045387 0.01328226 0.02045387 0.02045387 0.01334625
 0.02045387 0.02045387 0.02045387 0.01437277 0.01795859 0.01795859
 0.01795859 0.01398727 0.01398727 0.01795859 0.01437277 0.01304579
 0.01437277 0.01334625 0.01795859 0.01301031 0.01301031 0.01398727
 0.01795859 0.01398727 0.01398727 0.01328226 0.01795859 0.01795859
 0.01437277 0.02045387 0.02045387 0.00693432 0.00693432 0.02045387]
Generation 3
[0.01205885 0.01883124 0.01004804 0.01004804 0.0174133  0.00941562
 0.01978318 0.01883124 0.0174133  0.01291942 0.01978318 0.01883124
 0.01883124 0.01000886 0.01323946 0.01978318 0.01978318 0.01308885
 0.0174133  0.0174133  0.01883124 0.01308885 0.01978318 0.
 0.01883124 0.01883124 0.01978318 0.0174133  0.0174133  0.0174133
 0.01883124 0.01883124 0.0174133  0.00941562 0.01883124 0.01205885
 0.01275939 0.01291942 0.01323946 0.01275939 0.01978318 0.01978318
 0.01978318 0.0174133  0.01883124 0.01978318 0.01308885 0.0174133
 0.01978318 0.01978318 0.01883124 0.01978318 0.01883124 0.01883124
 0.01883124 0.01978318 0.01883124 0.01883124 0.01883124 0.01978318]
Generation 4
[0.00777555 0.0110267  0.01939139 0.01939139 0.01939139 0.01495639
 0.         0.01939139 0.01939139 0.01495639 0.01236983 0.00845446
 0.01796577 0.01939139 0.01221613 0.01939139 0.01495639 0.01647012
 0.01261705 0.01796577 0.01239301 0.01266186 0.01266186 0.01796577
 0.01796577 0.01939139 0.01939139 0.01647012 0.01939139 0.01548176
 0.01939139 0.01796577 0.01939139 0.01796577 0.01939139 0.01796577
 0.01939139 0.01796577 0.01939139 0.01796577 0.01939139 0.01495639
 0.01939139 0.01796577 0.01939139 0.01796577 0.01939139 0.01261705
 0.01796577 0.01796577 0.01939139 0.01796577 0.01939139 0.01939139
 0.012113   0.01939139 0.01939139 0.01796577 0.01939139 0.01057473]
Generation 5
[0.0193034  0.01750255 0.01819973 0.01819973 0.0193034  0.01530072
 0.00910015 0.0193034  0.0193034  0.01185186 0.0193034  0.0193034
 0.0193034  0.0193034  0.01819973 0.01137792 0.01819973 0.01819973
 0.01137792 0.012443   0.0193034  0.0193034  0.0193034  0.0193034
 0.0193034  0.012443   0.01530072 0.01819973 0.01819973 0.01819973
 0.01819973 0.01819973 0.01819973 0.01530072 0.01185186 0.01819973
 0.0193034  0.0193034  0.         0.01530072 0.0193034  0.0193034
 0.0193034  0.01256385 0.0193034  0.01819973 0.0193034  0.01204515
 0.01530072 0.01530072 0.01750255 0.01530072 0.0193034  0.01819973
 0.00910015 0.01819973 0.01819973 0.01256385 0.0193034  0.01530072]
Generation 6
[0.01823422 0.01823422 0.01823422 0.016297   0.01823422 0.01823422
 0.01357936 0.01179632 0.01253114 0.01823422 0.01179632 0.016297
 0.01823422 0.016297   0.01823422 0.01823422 0.01823422 0.01823422
 0.016297   0.01823422 0.01497346 0.01823422 0.01823422 0.01823422
 0.01823422 0.01497346 0.01823422 0.01823422 0.016297   0.01823422
 0.01497346 0.01497346 0.01823422 0.01823422 0.016297   0.01497346
 0.01823422 0.016297   0.01823422 0.016297   0.01357936 0.01823422
 0.01418842 0.0166676  0.016297   0.01823422 0.016297   0.01823422
 0.0166676  0.016297   0.01253114 0.016297   0.016297   0.01823422
 0.01418842 0.016297   0.016297   0.016297   0.016297   0.01823422]
Generation 7
[0.01645869 0.01780506 0.01780506 0.01780506 0.01780506 0.01645869
 0.01780506 0.01780506 0.01567563 0.01645869 0.01567563 0.01567563
 0.01567563 0.01780506 0.01493145 0.01645869 0.01567563 0.01780506
 0.01780506 0.01645869 0.01780506 0.01780506 0.01567563 0.01567563
 0.01645869 0.01780506 0.01780506 0.01645869 0.01567563 0.01645869
 0.01645869 0.01780506 0.01780506 0.01780506 0.01645869 0.01354824
 0.01780506 0.01780506 0.01493145 0.01567563 0.01780506 0.01780506
 0.01780506 0.01645869 0.01780506 0.01780506 0.01780506 0.01645869
 0.01780506 0.01354824 0.01354824 0.01645869 0.01567563 0.01645869
 0.01645869 0.01645869 0.01645869 0.01645869 0.01780506 0.01354824]
Generation 8
[0.00978062 0.01772621 0.00862767 0.01502637 0.01890839 0.01890839
 0.01890839 0.01772621 0.01515831 0.01772621 0.01890839 0.01772621
 0.01772621 0.01772621 0.01890839 0.01515831 0.01515831 0.01772621
 0.01772621 0.01772621 0.01259862 0.01772621 0.01772621 0.01890839
 0.01772621 0.01890839 0.01515831 0.01890839 0.01890839 0.01890839
 0.01890839 0.01890839 0.01890839 0.01515831 0.01772621 0.01772621
 0.01890839 0.01890839 0.01276296 0.01890839 0.01515831 0.01515831
 0.01772621 0.01772621 0.01890839 0.01772621 0.01772621 0.01772621
 0.01515831 0.         0.01772621 0.01515831 0.01772621 0.01890839
 0.01772621 0.01772621 0.01890839 0.         0.01890839 0.01890839]
Generation 9
[0.01049833 0.01712122 0.01712122 0.01712122 0.01819366 0.01819366
 0.01819366 0.01712122 0.01712122 0.01819366 0.01712122 0.01712122
 0.01712122 0.01819366 0.01819366 0.01327442 0.01712122 0.01712122
 0.01330081 0.01712122 0.01819366 0.01554236 0.01712122 0.01819366
 0.01712122 0.01712122 0.01819366 0.01554236 0.01554236 0.01819366
 0.01712122 0.01554236 0.01554236 0.01554236 0.01554236 0.01819366
 0.01819366 0.01327442 0.01819366 0.01819366 0.01819366 0.01819366
 0.01819366 0.01819366 0.01819366 0.01712122 0.01712122 0.01712122
 0.01327442 0.01554236 0.01554236 0.01554236 0.01712122 0.01819366
 0.01554236 0.01712122 0.01330081 0.01712122 0.01819366 0.01049833]
Generation 10
[0.01191589 0.01886071 0.01886071 0.01886071 0.01886071 0.01696667
 0.01547052 0.01547052 0.01191589 0.01886071 0.01359752 0.01083408
 0.01359752 0.01696667 0.01696667 0.01886071 0.01886071 0.01696667
 0.01696667 0.01547052 0.01886071 0.01886071 0.01547052 0.01886071
 0.01696667 0.01696667 0.01359752 0.01886071 0.01886071 0.01359752
 0.01886071 0.01696667 0.01696667 0.01547052 0.01547052 0.01547052
 0.01547052 0.01886071 0.01696667 0.01886071 0.01696667 0.01696667
 0.01696667 0.01886071 0.01696667 0.01359752 0.01886071 0.01886071
 0.01886071 0.01886071 0.01547052 0.01886071 0.01186941 0.01696667
 0.01696667 0.01083408 0.01696667 0.01696667 0.01696667 0.01696667]
Generation 11
[0.01665407 0.01860879 0.01484715 0.01681133 0.01681133 0.01484715
 0.01484715 0.01860879 0.01484715 0.01681133 0.01681133 0.01681133
 0.01681133 0.01484715 0.01484715 0.01860879 0.01860879 0.01484715
 0.01681133 0.01681133 0.01681133 0.01484715 0.01860879 0.01484715
 0.01681133 0.01860879 0.01665407 0.01484715 0.01681133 0.01681133
 0.01622375 0.01484715 0.01622375 0.01484715 0.01681133 0.01681133
 0.01860879 0.01681133 0.01681133 0.01860879 0.01860879 0.01484715
 0.01860879 0.01860879 0.01681133 0.01212194 0.01681133 0.01860879
 0.01681133 0.01681133 0.01681133 0.01484715 0.01681133 0.01681133
 0.01681133 0.01484715 0.01860879 0.01681133 0.01860879 0.01860879]
Generation 12
[0.01706889 0.01706889 0.01845271 0.01845271 0.01845271 0.01539604
 0.01845271 0.01706889 0.01451091 0.01706889 0.01706889 0.01845271
 0.01845271 0.01539604 0.01706889 0.01539604 0.01539604 0.01539604
 0.01845271 0.01845271 0.01845271 0.01539604 0.01539604 0.01539604
 0.01451091 0.01706889 0.01539604 0.01845271 0.01451091 0.01451091
 0.01451091 0.01845271 0.01845271 0.01651438 0.01651438 0.01451091
 0.01706889 0.01706889 0.01845271 0.01706889 0.01451091 0.01451091
 0.01539604 0.01451091 0.01845271 0.01539604 0.01845271 0.01845271
 0.01539604 0.01845271 0.01539604 0.01845271 0.01451091 0.01539604
 0.01845271 0.0126001  0.01845271 0.01845271 0.01706889 0.01845271]
Generation 13
[0.01104746 0.01104746 0.         0.0191453  0.0191453  0.0191453
 0.01804961 0.01632626 0.01632626 0.01804961 0.01490449 0.01804961
 0.0191453  0.01804961 0.0191453  0.01632626 0.0191453  0.01804961
 0.0191453  0.01804961 0.01632626 0.01804961 0.01162711 0.01632626
 0.01804961 0.01804961 0.01804961 0.01804961 0.01632626 0.01231656
 0.0191453  0.0191453  0.01490449 0.         0.01804961 0.0191453
 0.01632626 0.01490449 0.01231656 0.01490449 0.01804961 0.01632626
 0.0191453  0.01490449 0.0191453  0.01804961 0.01804961 0.01804961
 0.01490449 0.01804961 0.01804961 0.0191453  0.01490449 0.0191453
 0.0191453  0.0191453  0.0191453  0.01804961 0.0191453  0.0191453 ]
Generation 14
[0.01797753 0.01692977 0.01797753 0.01692977 0.         0.01692977
 0.01194558 0.01797753 0.01797753 0.01692977 0.01520082 0.01797753
 0.01692977 0.01797753 0.01692977 0.01692977 0.01692977 0.01797753
 0.01797753 0.01692977 0.01520082 0.01520082 0.01692977 0.01520082
 0.01797753 0.01692977 0.01692977 0.01692977 0.01692977 0.01797753
 0.01520082 0.01520082 0.01797753 0.01692977 0.01692977 0.01692977
 0.01692977 0.01520082 0.01797753 0.01797753 0.01692977 0.01797753
 0.01797753 0.01520082 0.01797753 0.01520082 0.01797753 0.01797753
 0.01797753 0.01797753 0.01520082 0.01692977 0.01797753 0.01692977
 0.01797753 0.01797753 0.01520082 0.01692977 0.01797753 0.01692977]
Generation 15
[0.00838911 0.0170233  0.01845341 0.0170233  0.0170233  0.01845341
 0.01845341 0.0122706  0.01845341 0.0170233  0.0170233  0.01845341
 0.0170233  0.01845341 0.0170233  0.0170233  0.0170233  0.0170233
 0.01845341 0.01503688 0.0170233  0.01845341 0.01845341 0.01503688
 0.01845341 0.01503688 0.01503688 0.01271803 0.01845341 0.01503688
 0.01275926 0.0170233  0.01845341 0.0170233  0.01503688 0.01845341
 0.01845341 0.01503688 0.01503688 0.01845341 0.0170233  0.0170233
 0.01845341 0.01845341 0.01503688 0.0170233  0.01845341 0.00875308
 0.01845341 0.0170233  0.0170233  0.01503688 0.01271803 0.01845341
 0.01569866 0.01845341 0.0170233  0.01845341 0.01845341 0.01845341]
Generation 16
[0.0186799  0.0186799  0.01581145 0.0186799  0.01581145 0.0186799
 0.0186799  0.00799656 0.0084161  0.01731396 0.0186799  0.0186799
 0.0186799  0.01402972 0.0186799  0.01731396 0.01581145 0.01731396
 0.01581145 0.01731396 0.0186799  0.0186799  0.01731396 0.0186799
 0.0186799  0.0186799  0.0186799  0.01731396 0.01731396 0.01259157
 0.01259157 0.01731396 0.01731396 0.0186799  0.0186799  0.01731396
 0.01731396 0.01581145 0.0186799  0.0186799  0.01581145 0.01731396
 0.0186799  0.0186799  0.01731396 0.0186799  0.0186799  0.01731396
 0.01581145 0.01581145 0.01731396 0.01731396 0.01402972 0.00985759
 0.0184476  0.0184476  0.01731396 0.01581145 0.01731396 0.        ]
Generation 17
[0.00767409 0.01860171 0.01817346 0.01860171 0.01720646 0.01817346
 0.01720646 0.01860171 0.01534463 0.01534463 0.01111955 0.01720646
 0.01860171 0.01860171 0.00928507 0.01817346 0.01860171 0.01534463
 0.01817346 0.01065953 0.01860171 0.01720646 0.01860171 0.01720646
 0.01534463 0.01860171 0.01817346 0.01534463 0.01860171 0.01860171
 0.01860171 0.01720646 0.01817346 0.01817346 0.01860171 0.01817346
 0.         0.01860171 0.01860171 0.01720646 0.01860171 0.01118232
 0.01534463 0.01860171 0.01534463 0.01720646 0.01817346 0.01720646
 0.01720646 0.01720646 0.01720646 0.01817346 0.01817346 0.01860171
 0.01123254 0.01720646 0.01860171 0.01860171 0.01860171 0.01720646]
Generation 18
[0.01840437 0.01840437 0.01840437 0.01840437 0.01266537 0.01840437
 0.01664689 0.01840437 0.01664689 0.01840437 0.01664689 0.01840437
 0.01664689 0.01664689 0.01840437 0.01840437 0.01664689 0.01664689
 0.01840437 0.01664689 0.01664689 0.01495807 0.01840437 0.01664689
 0.01664689 0.01840437 0.01840437 0.01664689 0.00894793 0.01840437
 0.01664689 0.01840437 0.01840437 0.01840437 0.01490541 0.01840437
 0.01495807 0.01266537 0.01495807 0.01664689 0.01495807 0.01664689
 0.01664689 0.01495807 0.01664689 0.01840437 0.01840437 0.01664689
 0.01664689 0.01840437 0.01840437 0.01495807 0.01285508 0.01664689
 0.01840437 0.00894793 0.01285508 0.01840437 0.01840437 0.01495807]
Generation 19
[0.01807203 0.01807203 0.01807203 0.01807203 0.01807203 0.01807203
 0.01807203 0.01807203 0.01807203 0.01736125 0.01145847 0.01579783
 0.01161588 0.01807203 0.01676442 0.01676442 0.01736125 0.01807203
 0.01736125 0.01579783 0.01807203 0.01676442 0.01736125 0.01736125
 0.01676442 0.01736125 0.0143278  0.01736125 0.01736125 0.01807203
 0.01807203 0.01081914 0.01081914 0.01807203 0.01807203 0.01807203
 0.01736125 0.01807203 0.         0.01807203 0.01676442 0.01736125
 0.01807203 0.01579783 0.01736125 0.01807203 0.01807203 0.0143278
 0.01807203 0.01676442 0.01736125 0.01579783 0.01736125 0.01579783
 0.01736125 0.01736125 0.01807203 0.01807203 0.01807203 0.01676442]
Generation 20
[0.01926852 0.01704867 0.01926852 0.01150499 0.01536794 0.01157649
 0.01704867 0.01704867 0.01926852 0.01176997 0.01704867 0.01704867
 0.01176997 0.01926852 0.01704867 0.01926852 0.01704867 0.01536794
 0.01926852 0.01926852 0.01704867 0.01926852 0.01536794 0.01926852
 0.01926852 0.01536794 0.01926852 0.01926852 0.01704867 0.01153911
 0.01704867 0.01926852 0.01704867 0.01704867 0.01536794 0.01536794
 0.01926852 0.01926852 0.01536794 0.01926852 0.01926852 0.0119054
 0.01536794 0.01106639 0.01183345 0.01536794 0.01704867 0.01150499
 0.01926852 0.01704867 0.01704867 0.01926852 0.01536794 0.01106639
 0.01704867 0.01704867 0.01926852 0.01926852 0.01926852 0.01704867]
Generation 21
[0.01973216 0.01776378 0.         0.01204295 0.01776378 0.01391126
 0.01204295 0.01705707 0.01053225 0.01776378 0.01776378 0.01973216
 0.00899819 0.01973216 0.         0.01973216 0.01642683 0.01973216
 0.01973216 0.01973216 0.01705707 0.01973216 0.01973216 0.01973216
 0.01973216 0.01973216 0.01705707 0.01973216 0.01776378 0.01705707
 0.01776378 0.01642683 0.01973216 0.01973216 0.01973216 0.01642683
 0.01973216 0.01973216 0.01973216 0.01776378 0.01642683 0.00861411
 0.01705707 0.01204295 0.01776378 0.01973216 0.01973216 0.01642683
 0.01973216 0.01705707 0.0091947  0.01705707 0.01776378 0.01776378
 0.01973216 0.01705707 0.00933628 0.01705707 0.01642683 0.01973216]
Generation 22
[0.01930016 0.01816835 0.01930016 0.01233208 0.01930016 0.01930016
 0.         0.01730634 0.01816835 0.01930016 0.01499242 0.01247148
 0.01816835 0.01816835 0.01730634 0.01730634 0.01499242 0.01396819
 0.01816835 0.01250522 0.01816835 0.01730634 0.01730634 0.01930016
 0.01930016 0.01730634 0.01730634 0.01001239 0.01930016 0.01816835
 0.01930016 0.01930016 0.01930016 0.01930016 0.01930016 0.01816835
 0.0168351  0.01816835 0.01258293 0.01930016 0.01730634 0.01930016
 0.01730634 0.01730634 0.01930016 0.01930016 0.01499242 0.00908417
 0.00991399 0.01001239 0.01930016 0.01930016 0.00908417 0.01816835
 0.01816835 0.01499242 0.01930016 0.01730634 0.01816835 0.0168351 ]
Generation 23
[0.02147964 0.01816893 0.01077684 0.02147964 0.01069696 0.02147964
 0.02147964 0.02147964 0.01816893 0.02147964 0.01816893 0.02139391
 0.         0.02139391 0.01816893 0.01816893 0.01816893 0.01905339
 0.02147964 0.02147964 0.02147964 0.01816893 0.02147964 0.02147964
 0.02139391 0.02139391 0.02139391 0.         0.00986108 0.01905339
 0.01077684 0.01816893 0.02147964 0.02139391 0.01905339 0.
 0.01905339 0.02147964 0.02147964 0.01586053 0.02147964 0.01069696
 0.01905339 0.         0.01905339 0.01816893 0.02147964 0.02139391
 0.         0.01298314 0.01816893 0.01816893 0.01586053 0.01869938
 0.00822433 0.02139391 0.         0.01905339 0.01816893 0.0093369 ]
Generation 24
[0.01823105 0.01717881 0.01717881 0.01138793 0.01444471 0.01823105
 0.01823105 0.01717881 0.01823105 0.01717881 0.01444471 0.01365188
 0.01630948 0.01823105 0.01630948 0.01630948 0.01717881 0.01717881
 0.01823105 0.01823105 0.01717881 0.01717881 0.01823105 0.01717881
 0.01630948 0.01717881 0.01630948 0.01823105 0.01444471 0.01823105
 0.01717881 0.01823105 0.01630948 0.01823105 0.01138793 0.01717881
 0.01823105 0.01444471 0.01823105 0.01823105 0.01108275 0.01630948
 0.01108275 0.01823105 0.01823105 0.01630948 0.01630948 0.01630948
 0.01823105 0.01444471 0.01717881 0.01823105 0.01823105 0.01823105
 0.01823105 0.01365188 0.01630948 0.01823105 0.01630948 0.01717881]
