Generation 0
Individual indices selected: [59 27 38 33 24  0 32 47 52 49 42  0 17 44  0 56  9  4 33 41 40 40 15 17
 18 55  9 42 12 47 16 12 14 35 49 22 36  3 24 20  0  0 28 28 40 49  2  6
  2  9 38  6 22 44 27 24 47  1 11]
-------
Generation 1
Individual indices selected: [28 51 24  6 20 36 49 52 24 42 10  1 55  8  8 47 10 10 46 58  9  1 25 54
 59 30  9 42 30 11 26 28 38  5  0 56 44 55 42  2 44 46 32 52  7 13  5 18
 46 55 33 35 48 14 48 15 27 27 11]
-------
Generation 2
Individual indices selected: [52 39 39 25 10  3 33 28 14  5 36 11 41  7 20 31 14 18 35 39 26  4 38  9
 49 56 18 44 25 13 16 50 10 25 28 51  6 50 46 36  9 21 16 34 44 45 47 20
 53  8 25 17 28 37 27  5 30 16 55]
-------
Generation 3
Individual indices selected: [29  2 26  1 17 57 57  0  4 17  0 54 27 39 43 54 32  7 11 39 36  7 11 34
 51 49  3 51 29 50 27  6 43 22 14 56 29 55 22 20 29 58 15 51 47  0 13 49
 55 40 28 22 24 53 40 50 27 49 29]
-------
Generation 4
Individual indices selected: [ 8 23 48 58 26 45 55 34 38 32 37  0 49 25 39 40 55 39 25 30  4 45 44  3
 25 54 57  9 47  9 46 55 50 38 23 44  8 48  0 13  7 37 55  3 42 14 14 50
 18  8 41 56 33 45 52 39 50 29 29]
-------
Generation 5
Individual indices selected: [ 2 21 30 10  1  2 25 36  6 25 51 14 55 49 19 44 40 21 24 48  1 45 23 39
 58 26 28 31 27 59 32 53 49 25 51  7 35  0 42 59 41 23 39 45 36 37 59 39
 26 36  2 49 47 23 12 17  7 45  4]
-------
Generation 6
Individual indices selected: [59  1 38 48 37 22 14 11 51 14 15 26  5 23 59 57 20 19 57 29  7 49 58 54
 44 39 23 27  6 22 29 19 36 32 35  2 37 23 58 39 46 50  5 17 53 11 18 38
 30 40 48  3 29 24 19 42 58  4 34]
-------
Generation 7
Individual indices selected: [ 2  3  3  9 25 21 18 22 46 55 17 27 44 36 35 45 40 24 52 53  0 52 31 42
 47 17 30 21 47 32 25 32  7 38  1 15 48 53 57 19 31 22 26  6 37  7 46 52
 32  8 43 30 41  7 20 15 32 39 10]
-------
Generation 8
Individual indices selected: [ 2 26 27 54 35 27  7 39 14  1 40 19 20  5 12 53 24 24 10 52 58 28 14 14
 42 38  6 22 17 35 45 14  1  6 37 54 46  6 55 32  1 16 10 45 44 55 29 15
  1 12 46  7 42 53 21 24 31 41 25]
-------
Generation 9
Individual indices selected: [24 38 42 55 52 16 25  0 21 11 34 26  8 25 52 20 42  8 37 21 40 13  5 29
  2 37 14 53  4 44 47 38  7 26 29 18 23 17 24 16 36 53 44 10 19  7 20 52
 53 11  6 37 29 38 34 26 14 13 58]
-------
Generation 10
Individual indices selected: [ 3 53 19 48 45  9 21 38 51 39 46  2 35 49 21 16 54 53 43 46 55  9 26 27
 46 23  7 57 38 55 49 55 21 24  1 21  9 46  5 15 24 58 43 20 26 36 48 27
 54 21 52 37 45 29 44 22 43 20 59]
-------
Generation 11
Individual indices selected: [39 43  5 26 18 36 35 21 14 51 50 15 18  4 52 21 53 38 26  4 14 12 48 41
 22 25 39 27 55 35 58 59  0  0  8 31 43  7 19 30 17 17 43 16 42 22 33 47
  4 35 33 25 21 35 41  9 36  4 26]
-------
Generation 12
Individual indices selected: [ 6 58 36 54  7  1 51  2 41 32 31 16 21 15 32  7 30 25 48 14 20 43 12 41
 35  9 46 22 30 33 58 29 49 32 25 14 39 43  6 55 55 44 43 26 15 30 12 43
 43 20 57 28  6  3 51 33  9 56 25]
-------
Generation 13
Individual indices selected: [55  3 55 31 25 21  7  1 49 41 28 13 13 20 11 13 56 25 44 13 32 35 17 28
 28 13 51 25 36 20 38  0 10 53 23 19 44  6 16 20 45 56 20 18 37 14 42 16
 47 11 57 56 23 23 39 23 17 18  9]
-------
Generation 14
Individual indices selected: [13 13 55 30 55 42 59 32 23 24 33 49 14 28 53  2 57 34 10 23 35 33 10 47
 38 23 14 11 49 59 47 29 49 31 52  7 40 45 58 40 14 49  0 46 56 29 41 41
 30  2 59 14 28 41 52 46  3  7 49]
-------
Generation 15
Individual indices selected: [36 19  2 25 55 50 21 21  9 14 20  6 51 42 57 11 58 38 13 28 39 47  0 54
 33 26  1 23  2  2 45 56 43 44 22 29 42 31 32  7 44 48 57 11 31 36 58 32
  4 46 12 30 21 24 24 57 37 34 57]
-------
Generation 16
Individual indices selected: [24 10 43  4 42 35  0 48 19  9 48 21 34 46  0 51 47 28 46 14 13 14  3  8
  5 36 58 41 42 28 39  1 39  1 26 43  1 44 48 42 45 49 50 18 27 51 58  1
  8 47 25 14 35 45 50  0 33 38 31]
-------
Generation 17
Individual indices selected: [45 38  3 17 13 20  4 57 22 49  3 32 27 12 49 37 46 52 44 38 27  2 58 31
 28 16 26  1  1 21 27 43 46  1 49 39 35 55  5 18 51 31 39 33 58 29  4 48
  7 13 24 21 56 20  1 21 32 35 48]
-------
Generation 18
Individual indices selected: [49  3 38 23 34 24 14 43 17 45 37 13 47 43 50 55 18 32 13 11 58 58  5 21
  9 19 40 59 45 59 50 50 57 16 17 18 16 54 34 42 17 10 52 54  1 13 19 59
 28 48 48 29 56 49 48  1 46  2 40]
-------
Generation 19
Individual indices selected: [57 13 58 24 19 45 36 16 11  2 56 22 57 20 22  2 43 30 52 43  4 48 15 54
 24 56 30 21  4 35 13 53 28  2 59 41 50 14 37 53 46  8 52 10 26 51  5 21
 48 24 49 21 23  6 49 27 44  7 55]
-------
Generation 20
Individual indices selected: [27 57 25 14 17 52  7 13 45 55 21 17 44 11 28 10 19  2 29  5 27 39 48 20
 39 33 36 27 27 13  7  8  9 27 50 29 39 50 50 59 13 36 47 58 51 40 42 26
 36 17 34 27 13 52 28 13 34  7 52]
-------
Generation 21
Individual indices selected: [34 19 45  0  1 15 17 17  1  9 32 21 51 49 35 43 45 57 43 57 57 29 59 22
  7  6 52 44 23 15 32 16 13 19 49 11 21 43 17 45 44 18 29 46  4 31 27 45
 34 57 13 27 32 53 31  4 58  0 11]
-------
Generation 22
Individual indices selected: [56  0  4  1 19 58 59 14 54 15 32  0  8 58 13 57  0 33 31 56 41 37 29 36
  4 41 32 48 25  0 47 44 15 50 32 42 28 18  5 59  1 58 35 26  1 53 11 58
 53 20 46 26 17 48 11 35  1 56  3]
-------
Generation 23
Individual indices selected: [10 42 29 16 37  5 19 30 29 49 40 14 33 39  8 17 58 13 28 39  5 36 45  4
  9 50 17 19  7 25 52 50  5 29 46 46 31 47  5 52 31 24 25  7 46  1 39 47
  8 55 24 17  0 13 40 21 14 16 19]
-------
Generation 24
Individual indices selected: [ 8  3  5 13 14 54 13 54 30 44 54  5 51 30 19  9 17  7  3 53 53 59 58 48
 32 31  0 31 14 35 54 39 14 11 34 33 43 41 38  8  2 33 50 25 13 29 33 19
 24  5 20 21 11 12 51 30 51 44 20]
-------
