Generation: 0
[ 2.86635973  1.7625365   8.32402206 76.42547524  0.18789261  1.51552452
  1.16987491  1.73536248  3.86691457  7.63764129  0.93778848  1.
  1.          1.          1.          1.          1.          1.
  1.          1.          1.          1.          1.          1.
  1.          1.          1.          1.          1.          1.
  1.          1.          1.          1.          1.          1.
  1.        ]
Active Features: [  271  1122  1536  3975  4211  4509  4824  4998  5558  5565  6022  6166
  6381  6886  7548  9099  9185  9844 10089 10362 10627 10665 11580 11698
 12108 13009]

Generation: 1
[1.87598353e+00 6.29404075e-01 9.37944030e+00 5.51667457e+01
 2.84863729e-02 2.22458973e+00 6.43449976e-03 3.03215951e+00
 7.02595956e+00 6.63577693e+00 1.38424495e+00 1.00000000e+00
 1.00000000e+00 1.00000000e+00 1.00000000e+00 1.00000000e+00
 1.00000000e+00 1.00000000e+00 1.00000000e+00 1.00000000e+00
 1.00000000e+00 1.00000000e+00 1.00000000e+00 1.00000000e+00
 1.00000000e+00 1.00000000e+00 1.00000000e+00 1.00000000e+00]
Active Features: [ 2452  2649  3511  4099  4542  4724  4970  5312  6022  7094  8122  8575
  8696  9754 10875 10986 13072]

Generation: 2
[1.87598353e+00 6.29404075e-01 9.37944030e+00 5.51667457e+01
 2.84863729e-02 2.22458973e+00 6.43449976e-03 3.03215951e+00
 7.02595956e+00 6.63577693e+00 1.38424495e+00 1.00000000e+00
 1.00000000e+00 1.00000000e+00 1.00000000e+00 1.00000000e+00
 1.00000000e+00 1.00000000e+00 1.00000000e+00 1.00000000e+00
 1.00000000e+00 1.00000000e+00 1.00000000e+00 1.00000000e+00
 1.00000000e+00 1.00000000e+00 1.00000000e+00 1.00000000e+00]
Active Features: [ 2452  2649  3511  4099  4542  4724  4970  5312  6022  7094  8122  8575
  8696  9754 10875 10986 13072]

Generation: 3
[1.87598353e+00 6.29404075e-01 9.37944030e+00 5.51667457e+01
 2.84863729e-02 2.22458973e+00 6.43449976e-03 3.03215951e+00
 7.02595956e+00 6.63577693e+00 1.38424495e+00 1.00000000e+00
 1.00000000e+00 1.00000000e+00 1.00000000e+00 1.00000000e+00
 1.00000000e+00 1.00000000e+00 1.00000000e+00 1.00000000e+00
 1.00000000e+00 1.00000000e+00 1.00000000e+00 1.00000000e+00
 1.00000000e+00 1.00000000e+00 1.00000000e+00 1.00000000e+00]
Active Features: [ 2452  2649  3511  4099  4542  4724  4970  5312  6022  7094  8122  8575
  8696  9754 10875 10986 13072]

Generation: 4
[1.87598353e+00 6.29404075e-01 9.37944030e+00 5.51667457e+01
 2.84863729e-02 2.22458973e+00 6.43449976e-03 3.03215951e+00
 7.02595956e+00 6.63577693e+00 1.38424495e+00 1.00000000e+00
 1.00000000e+00 1.00000000e+00 1.00000000e+00 1.00000000e+00
 1.00000000e+00 1.00000000e+00 1.00000000e+00 1.00000000e+00
 1.00000000e+00 1.00000000e+00 1.00000000e+00 1.00000000e+00
 1.00000000e+00 1.00000000e+00 1.00000000e+00 1.00000000e+00]
Active Features: [ 2452  2649  3511  4099  4542  4724  4970  5312  6022  7094  8122  8575
  8696  9754 10875 10986 13072]

Generation: 5
[1.87598353e+00 6.29404075e-01 9.37944030e+00 5.51667457e+01
 2.84863729e-02 2.22458973e+00 6.43449976e-03 3.03215951e+00
 7.02595956e+00 6.63577693e+00 1.38424495e+00 1.00000000e+00
 1.00000000e+00 1.00000000e+00 1.00000000e+00 1.00000000e+00
 1.00000000e+00 1.00000000e+00 1.00000000e+00 1.00000000e+00
 1.00000000e+00 1.00000000e+00 1.00000000e+00 1.00000000e+00
 1.00000000e+00 1.00000000e+00 1.00000000e+00 1.00000000e+00]
Active Features: [ 2452  2649  3511  4099  4542  4724  4970  5312  6022  7094  8122  8575
  8696  9754 10875 10986 13072]

Generation: 6
[1.87598353e+00 6.29404075e-01 9.37944030e+00 5.51667457e+01
 2.84863729e-02 2.22458973e+00 6.43449976e-03 3.03215951e+00
 7.02595956e+00 6.63577693e+00 1.38424495e+00 1.00000000e+00
 1.00000000e+00 1.00000000e+00 1.00000000e+00 1.00000000e+00
 1.00000000e+00 1.00000000e+00 1.00000000e+00 1.00000000e+00
 1.00000000e+00 1.00000000e+00 1.00000000e+00 1.00000000e+00
 1.00000000e+00 1.00000000e+00 1.00000000e+00 1.00000000e+00]
Active Features: [ 2452  2649  3511  4099  4542  4724  4970  5312  6022  7094  8122  8575
  8696  9754 10875 10986 13072]

Generation: 7
[1.87598353e+00 6.29404075e-01 9.37944030e+00 5.51667457e+01
 2.84863729e-02 2.22458973e+00 6.43449976e-03 3.03215951e+00
 7.02595956e+00 6.63577693e+00 1.38424495e+00 1.00000000e+00
 1.00000000e+00 1.00000000e+00 1.00000000e+00 1.00000000e+00
 1.00000000e+00 1.00000000e+00 1.00000000e+00 1.00000000e+00
 1.00000000e+00 1.00000000e+00 1.00000000e+00 1.00000000e+00
 1.00000000e+00 1.00000000e+00 1.00000000e+00 1.00000000e+00]
Active Features: [ 2452  2649  3511  4099  4542  4724  4970  5312  6022  7094  8122  8575
  8696  9754 10875 10986 13072]

Generation: 8
[1.87598353e+00 6.29404075e-01 9.37944030e+00 5.51667457e+01
 2.84863729e-02 2.22458973e+00 6.43449976e-03 3.03215951e+00
 7.02595956e+00 6.63577693e+00 1.38424495e+00 1.00000000e+00
 1.00000000e+00 1.00000000e+00 1.00000000e+00 1.00000000e+00
 1.00000000e+00 1.00000000e+00 1.00000000e+00 1.00000000e+00
 1.00000000e+00 1.00000000e+00 1.00000000e+00 1.00000000e+00
 1.00000000e+00 1.00000000e+00 1.00000000e+00 1.00000000e+00]
Active Features: [ 2452  2649  3511  4099  4542  4724  4970  5312  6022  7094  8122  8575
  8696  9754 10875 10986 13072]

Generation: 9
[1.87598353e+00 6.29404075e-01 9.37944030e+00 5.51667457e+01
 2.84863729e-02 2.22458973e+00 6.43449976e-03 3.03215951e+00
 7.02595956e+00 6.63577693e+00 1.38424495e+00 1.00000000e+00
 1.00000000e+00 1.00000000e+00 1.00000000e+00 1.00000000e+00
 1.00000000e+00 1.00000000e+00 1.00000000e+00 1.00000000e+00
 1.00000000e+00 1.00000000e+00 1.00000000e+00 1.00000000e+00
 1.00000000e+00 1.00000000e+00 1.00000000e+00 1.00000000e+00]
Active Features: [ 2452  2649  3511  4099  4542  4724  4970  5312  6022  7094  8122  8575
  8696  9754 10875 10986 13072]

Generation: 10
[1.87598353e+00 6.29404075e-01 9.37944030e+00 5.51667457e+01
 2.84863729e-02 2.22458973e+00 6.43449976e-03 3.03215951e+00
 7.02595956e+00 6.63577693e+00 1.38424495e+00 1.00000000e+00
 1.00000000e+00 1.00000000e+00 1.00000000e+00 1.00000000e+00
 1.00000000e+00 1.00000000e+00 1.00000000e+00 1.00000000e+00
 1.00000000e+00 1.00000000e+00 1.00000000e+00 1.00000000e+00
 1.00000000e+00 1.00000000e+00 1.00000000e+00 1.00000000e+00]
Active Features: [ 2452  2649  3511  4099  4542  4724  4970  5312  6022  7094  8122  8575
  8696  9754 10875 10986 13072]

Generation: 11
[1.87598353e+00 6.29404075e-01 9.37944030e+00 5.51667457e+01
 2.84863729e-02 2.22458973e+00 6.43449976e-03 3.03215951e+00
 7.02595956e+00 6.63577693e+00 1.38424495e+00 1.00000000e+00
 1.00000000e+00 1.00000000e+00 1.00000000e+00 1.00000000e+00
 1.00000000e+00 1.00000000e+00 1.00000000e+00 1.00000000e+00
 1.00000000e+00 1.00000000e+00 1.00000000e+00 1.00000000e+00
 1.00000000e+00 1.00000000e+00 1.00000000e+00 1.00000000e+00]
Active Features: [ 2452  2649  3511  4099  4542  4724  4970  5312  6022  7094  8122  8575
  8696  9754 10875 10986 13072]

Generation: 12
[1.87598353e+00 6.29404075e-01 9.37944030e+00 5.51667457e+01
 2.84863729e-02 2.22458973e+00 6.43449976e-03 3.03215951e+00
 7.02595956e+00 6.63577693e+00 1.38424495e+00 1.00000000e+00
 1.00000000e+00 1.00000000e+00 1.00000000e+00 1.00000000e+00
 1.00000000e+00 1.00000000e+00 1.00000000e+00 1.00000000e+00
 1.00000000e+00 1.00000000e+00 1.00000000e+00 1.00000000e+00
 1.00000000e+00 1.00000000e+00 1.00000000e+00 1.00000000e+00]
Active Features: [ 2452  2649  3511  4099  4542  4724  4970  5312  6022  7094  8122  8575
  8696  9754 10875 10986 13072]

Generation: 13
[1.87598353e+00 6.29404075e-01 9.37944030e+00 5.51667457e+01
 1.53775091e-02 2.22458973e+00 6.43449976e-03 3.03215951e+00
 7.02595956e+00 6.63577693e+00 1.74251457e+00 1.00000000e+00
 1.00000000e+00 1.00000000e+00 1.00000000e+00 1.00000000e+00
 1.00000000e+00 1.00000000e+00 1.00000000e+00 1.00000000e+00
 1.00000000e+00 1.00000000e+00 1.00000000e+00 1.00000000e+00
 1.00000000e+00 1.00000000e+00 1.00000000e+00 1.00000000e+00]
Active Features: [ 2452  3511  4099  4542  4724  4970  5312  6022  7288  8122  8575  8696
  9964 10551 10856 11698 13072]

Generation: 14
[1.87598353e+00 6.29404075e-01 9.37944030e+00 5.51667457e+01
 2.84863729e-02 2.22458973e+00 6.43449976e-03 3.03215951e+00
 7.02595956e+00 6.63577693e+00 1.38424495e+00 1.00000000e+00
 1.00000000e+00 1.00000000e+00 1.00000000e+00 1.00000000e+00
 1.00000000e+00 1.00000000e+00 1.00000000e+00 1.00000000e+00
 1.00000000e+00 1.00000000e+00 1.00000000e+00 1.00000000e+00
 1.00000000e+00]
Active Features: [ 2378  2516  3377  3564  3852  4634  5935  8037  8753  9374 10230 11535
 12796 13072]

Generation: 15
[1.87598353e+00 6.29404075e-01 9.37944030e+00 5.51667457e+01
 2.84863729e-02 2.22458973e+00 6.43449976e-03 3.03215951e+00
 7.02595956e+00 6.63577693e+00 1.38424495e+00 1.00000000e+00
 1.00000000e+00 1.00000000e+00 1.00000000e+00 1.00000000e+00
 1.00000000e+00 1.00000000e+00 1.00000000e+00 1.00000000e+00
 1.00000000e+00 1.00000000e+00 1.00000000e+00 1.00000000e+00
 1.00000000e+00]
Active Features: [ 2378  2516  3377  3564  3852  4634  5935  8037  8753  9374 10230 11535
 12796 13072]

Generation: 16
[1.87598353e+00 6.29404075e-01 9.37944030e+00 5.51667457e+01
 2.84863729e-02 2.22458973e+00 6.43449976e-03 3.03215951e+00
 7.02595956e+00 6.63577693e+00 1.38424495e+00 1.00000000e+00
 1.00000000e+00 1.00000000e+00 1.00000000e+00 1.00000000e+00
 1.00000000e+00 1.00000000e+00 1.00000000e+00 1.00000000e+00
 1.00000000e+00 1.00000000e+00 1.00000000e+00 1.00000000e+00
 1.00000000e+00]
Active Features: [ 2378  2516  3377  3564  3852  4634  5935  8037  8753  9374 10230 11535
 12796 13072]

Generation: 17
[1.87598353e+00 6.29404075e-01 9.37944030e+00 5.51667457e+01
 2.84863729e-02 2.22458973e+00 6.43449976e-03 3.03215951e+00
 7.02595956e+00 6.63577693e+00 1.38424495e+00 1.00000000e+00
 1.00000000e+00 1.00000000e+00 1.00000000e+00 1.00000000e+00
 1.00000000e+00 1.00000000e+00 1.00000000e+00 1.00000000e+00
 1.00000000e+00 1.00000000e+00 1.00000000e+00 1.00000000e+00
 1.00000000e+00]
Active Features: [ 2378  2516  3377  3564  3852  4634  5935  8037  8753  9374 10230 11535
 12796 13072]

Generation: 18
[1.87598353e+00 6.29404075e-01 9.37944030e+00 5.51667457e+01
 2.84863729e-02 2.22458973e+00 6.43449976e-03 3.03215951e+00
 7.02595956e+00 6.63577693e+00 1.38424495e+00 1.00000000e+00
 1.00000000e+00 1.00000000e+00 1.00000000e+00 1.00000000e+00
 1.00000000e+00 1.00000000e+00 1.00000000e+00 1.00000000e+00
 1.00000000e+00 1.00000000e+00 1.00000000e+00 1.00000000e+00
 1.00000000e+00]
Active Features: [ 2378  2516  3377  3564  3852  4634  5935  8037  8753  9374 10230 11535
 12796 13072]

Generation: 19
[1.87598353e+00 6.29404075e-01 9.37944030e+00 8.54824365e+01
 2.84863729e-02 2.22458973e+00 6.43449976e-03 3.03215951e+00
 7.17120973e+00 8.26040319e+00 1.38424495e+00 1.00000000e+00
 1.00000000e+00 1.00000000e+00 1.00000000e+00 1.00000000e+00
 1.00000000e+00 1.00000000e+00 1.00000000e+00 1.00000000e+00
 1.00000000e+00 1.00000000e+00 1.00000000e+00 1.00000000e+00
 1.00000000e+00 1.00000000e+00 1.00000000e+00 1.00000000e+00]
Active Features: [  564  1464  2516  3216  3511  5142  5312  8037  8369  8727  8753  8754
  9048  9374 11140 11776 13072]

Generation: 20
[1.87598353e+00 6.29404075e-01 9.37944030e+00 5.51667457e+01
 2.84863729e-02 2.22458973e+00 6.43449976e-03 3.03215951e+00
 7.02595956e+00 6.63577693e+00 1.38424495e+00 1.00000000e+00
 1.00000000e+00 1.00000000e+00 1.00000000e+00 1.00000000e+00
 1.00000000e+00 1.00000000e+00 1.00000000e+00 1.00000000e+00
 1.00000000e+00 1.00000000e+00 1.00000000e+00 1.00000000e+00
 1.00000000e+00 1.00000000e+00]
Active Features: [  846  1763  1881  2378  5798  9404  9964 10487 10671 10875 10963 11415
 11535 11806 13072]

Generation: 21
[1.87598353e+00 6.29404075e-01 9.37944030e+00 5.51667457e+01
 2.84863729e-02 2.22458973e+00 6.43449976e-03 3.03215951e+00
 7.02595956e+00 6.63577693e+00 1.38424495e+00 1.00000000e+00
 1.00000000e+00 1.00000000e+00 1.00000000e+00 1.00000000e+00
 1.00000000e+00 1.00000000e+00 1.00000000e+00 1.00000000e+00
 1.00000000e+00 1.00000000e+00 1.00000000e+00 1.00000000e+00
 1.00000000e+00 1.00000000e+00]
Active Features: [  846  1763  1881  2378  5798  9404  9964 10487 10671 10875 10963 11415
 11535 11806 13072]

Generation: 22
[1.87598353e+00 6.29404075e-01 9.37944030e+00 5.51667457e+01
 2.84863729e-02 2.22458973e+00 6.43449976e-03 3.03215951e+00
 7.02595956e+00 6.63577693e+00 1.38424495e+00 1.00000000e+00
 1.00000000e+00 1.00000000e+00 1.00000000e+00 1.00000000e+00
 1.00000000e+00 1.00000000e+00 1.00000000e+00 1.00000000e+00
 1.00000000e+00 1.00000000e+00 1.00000000e+00 1.00000000e+00
 1.00000000e+00 1.00000000e+00]
Active Features: [  846  1763  1881  2378  5798  9404  9964 10487 10671 10875 10963 11415
 11535 11806 13072]

Generation: 23
[1.87598353e+00 6.29404075e-01 9.37944030e+00 5.51667457e+01
 2.84863729e-02 2.22458973e+00 6.43449976e-03 2.53133311e+00
 6.20897249e+00 7.97299175e+00 1.38424495e+00 1.00000000e+00
 1.00000000e+00 1.00000000e+00 1.00000000e+00 1.00000000e+00
 1.00000000e+00 1.00000000e+00 1.00000000e+00 1.00000000e+00
 1.00000000e+00 1.00000000e+00 1.00000000e+00 1.00000000e+00
 1.00000000e+00 1.00000000e+00]
Active Features: [  176  2452  2649  3064  3511  5392  8753  9374 10230 10597 10695 11237
 11692 11886 13072]

Generation: 24
[1.87598353e+00 6.29404075e-01 9.37944030e+00 5.51667457e+01
 2.84863729e-02 2.22458973e+00 6.43449976e-03 3.03215951e+00
 7.13953421e+00 6.63577693e+00 1.38424495e+00 1.00000000e+00
 1.00000000e+00 1.00000000e+00 1.00000000e+00 1.00000000e+00
 1.00000000e+00 1.00000000e+00 1.00000000e+00 1.00000000e+00
 1.00000000e+00 1.00000000e+00 1.00000000e+00 1.00000000e+00]
Active Features: [  846   868  1102  1636  2378  5798  6623  8648  8869  9112 12385 13072
 13143]

Generation: 25
[1.87598353e+00 9.49834645e-01 9.37944030e+00 5.51667457e+01
 2.84863729e-02 2.22458973e+00 6.43449976e-03 2.53133311e+00
 6.20897249e+00 7.97299175e+00 1.38424495e+00 1.00000000e+00
 1.00000000e+00 1.00000000e+00 1.00000000e+00 1.00000000e+00
 1.00000000e+00 1.00000000e+00 1.00000000e+00 1.00000000e+00
 1.00000000e+00 1.00000000e+00 1.00000000e+00 1.00000000e+00
 1.00000000e+00 1.00000000e+00]
Active Features: [  176  2452  2649  3511  5392  7604  8753  9374 10230 10597 10695 11237
 11692 11886 13072]

Generation: 26
[1.87598353e+00 9.49834645e-01 9.37944030e+00 5.51667457e+01
 2.84863729e-02 2.22458973e+00 6.43449976e-03 2.53133311e+00
 6.20897249e+00 7.97299175e+00 1.38424495e+00 1.00000000e+00
 1.00000000e+00 1.00000000e+00 1.00000000e+00 1.00000000e+00
 1.00000000e+00 1.00000000e+00 1.00000000e+00 1.00000000e+00
 1.00000000e+00 1.00000000e+00 1.00000000e+00 1.00000000e+00
 1.00000000e+00 1.00000000e+00]
Active Features: [  176  2452  2649  3511  5392  7604  8753  9374 10230 10597 10695 11237
 11692 11886 13072]

Generation: 27
[1.87598353e+00 6.29404075e-01 9.37944030e+00 5.51667457e+01
 2.84863729e-02 2.22458973e+00 6.43449976e-03 3.03215951e+00
 7.13953421e+00 6.63577693e+00 1.38424495e+00 1.00000000e+00
 1.00000000e+00 1.00000000e+00 1.00000000e+00 1.00000000e+00
 1.00000000e+00 1.00000000e+00 1.00000000e+00 1.00000000e+00
 1.00000000e+00 1.00000000e+00 1.00000000e+00 1.00000000e+00
 1.00000000e+00 1.00000000e+00 1.00000000e+00 1.00000000e+00
 1.00000000e+00 1.00000000e+00 1.00000000e+00]
Active Features: [  846   868  1102  1524  1636  2009  2378  3737  5022  5798  6806  7415
  8351  8648  8869  9112 12385 12502 13072 13143]

Generation: 28
[1.87598353e+00 6.29404075e-01 9.37944030e+00 5.51667457e+01
 2.84863729e-02 2.22458973e+00 6.43449976e-03 3.03215951e+00
 7.13953421e+00 6.63577693e+00 1.38424495e+00 1.00000000e+00
 1.00000000e+00 1.00000000e+00 1.00000000e+00]
Active Features: [ 1102  1636  2378 12385]

Generation: 29
[1.87598353e+00 9.49834645e-01 9.37944030e+00 5.51667457e+01
 2.84863729e-02 2.22458973e+00 6.43449976e-03 2.53133311e+00
 6.20897249e+00 7.97299175e+00 1.38424495e+00 1.00000000e+00
 1.00000000e+00 1.00000000e+00 1.00000000e+00 1.00000000e+00
 1.00000000e+00 1.00000000e+00 1.00000000e+00 1.00000000e+00
 1.00000000e+00 1.00000000e+00 1.00000000e+00 1.00000000e+00
 1.00000000e+00]
Active Features: [ 2963  3925  4908  7534  7761  8094  8680  9000 10230 10695 11237 11692
 11886 13072]

