0.41544285771145195
0.48196541982541724
0.48686518706816173
0.4989954574948757
0.4991996324648527
0.5071147886786237
0.5251695138999726
0.5056627024802917
0.5216870530367044
0.522168518501858
0.49379835784793824
0.5049153004869796
0.508271355595884
0.5419951146689503
0.49286686680149844
0.5158382301585613
0.5105100522599925
0.528004615717647
0.528863590896147
0.5598277976825939
0.5400101933585745
0.558226412439357
0.5519508306132838
0.5201328570064889
0.5321672759700836
0.545870559821351
0.5139710386480804
0.5620439845608166
0.5523671221615787
0.535027354233813
