0.6336918681766444
0.8420402418558653
0.8342488877831726
0.8164704691688218
0.8198907495109646
0.7989118167030619
0.8335782105529089
0.839395006456521
0.8195599450521808
0.8275479042210844
0.8352826690157398
0.8330230051804621
0.8430914467613974
0.8290287099656425
0.8300956757059694
0.8384836262099412
0.8500561329690155
0.8430004487305368
0.8479847881836203
0.8471371352014874
0.8475638113690748
0.860566196534221
0.8484360082720352
0.8624627449941162
0.8587761391795627
0.849230044311601
0.8292290645357314
0.8581625703654444
0.8411356232397582
0.8485019940618492
