Pareto: 1 
 [0.90909091 0.61764706 1.         0.57797703 0.58433731 0.5804757
 0.61447564 0.61764706 0.71194805 0.59064935]

Pareto: 2 
 [0.90909091 0.60653595 1.         0.         0.4580272  0.53689093
 0.36796958 0.60653595 0.64051948 0.5       ]

Pareto: 3 
 [0.83333333 0.60653595 1.         0.         0.4580272  0.53689093
 0.36796958 0.60653595 0.60896104 0.5       ]

Pareto: 4 
 [0.66666667 0.60653595 1.         0.         0.4580272  0.53689093
 0.36796958 0.60653595 0.5        0.5       ]

Pareto: 5 
 [0.625      0.60653595 1.         0.         0.4580272  0.53689093
 0.36796958 0.60653595 0.5        0.5       ]

Pareto: 6 
 [0.625      0.60653595 1.         0.         0.4580272  0.53689093
 0.36796958 0.60653595 0.5        0.5       ]

Pareto: 7 
 [0.58823529 0.60653595 1.         0.         0.4580272  0.53689093
 0.36796958 0.60653595 0.5        0.5       ]

Pareto: 8 
 [0.52631579 0.60653595 1.         0.         0.4580272  0.53689093
 0.36796958 0.60653595 0.5        0.5       ]

Pareto: 9 
 [0.5        0.60653595 1.         0.         0.4580272  0.53689093
 0.36796958 0.60653595 0.5        0.5       ]

Pareto: 10 
 [0.45454545 0.60653595 1.         0.         0.4580272  0.53689093
 0.36796958 0.60653595 0.5        0.5       ]

Pareto: 11 
 [0.43478261 0.60653595 1.         0.         0.4580272  0.53689093
 0.36796958 0.60653595 0.5        0.5       ]

Pareto: 12 
 [0.38461538 0.39346405 1.         0.         0.22226144 0.30076726
 0.15489769 0.39346405 0.5        0.5       ]

Pareto: 13 
 [0.37037037 0.39346405 1.         0.         0.22226144 0.30076726
 0.15489769 0.39346405 0.5        0.5       ]

Pareto: 14 
 [0.33333333 0.39346405 1.         0.         0.22226144 0.30076726
 0.15489769 0.39346405 0.5        0.5       ]

Pareto: 15 
 [0.27777778 0.39346405 1.         0.         0.22226144 0.30076726
 0.15489769 0.39346405 0.5        0.5       ]

Pareto: 16 
 [0.26315789 0.39346405 1.         0.         0.22226144 0.30076726
 0.15489769 0.39346405 0.5        0.5       ]

Pareto: 17 
 [0.25       0.39346405 1.         0.         0.22226144 0.30076726
 0.15489769 0.39346405 0.5        0.5       ]

Pareto: 18 
 [0. 0. 0. 0. 0. 0. 0. 0. 0. 0.]

Pareto: 1 
 [0.90909091 0.70784314 1.         0.6753114  0.70329439 0.70451034
 0.71325887 0.70784314 0.74064935 0.68909091]

Pareto: 2 
 [0.76923077 0.61764706 1.         0.58989658 0.5890748  0.60059558
 0.6230029  0.61764706 0.68857143 0.60935065]

Pareto: 3 
 [0.76923077 0.61764706 1.         0.50162309 0.5890748  0.60059558
 0.6038671  0.61764706 0.64025974 0.60935065]

Pareto: 4 
 [0.66666667 0.60653595 1.         0.         0.4580272  0.53689093
 0.36796958 0.60653595 0.5        0.5       ]

Pareto: 5 
 [0.66666667 0.60653595 1.         0.         0.4580272  0.53689093
 0.36796958 0.60653595 0.5        0.5       ]

Pareto: 6 
 [0.58823529 0.60653595 1.         0.         0.4580272  0.53689093
 0.36796958 0.60653595 0.5        0.5       ]

Pareto: 7 
 [0.58823529 0.60653595 1.         0.         0.4580272  0.53689093
 0.36796958 0.60653595 0.5        0.5       ]

Pareto: 8 
 [0.52631579 0.60653595 1.         0.         0.4580272  0.53689093
 0.36796958 0.60653595 0.5        0.5       ]

Pareto: 9 
 [0.52631579 0.60653595 1.         0.         0.4580272  0.53689093
 0.36796958 0.60653595 0.5        0.5       ]

Pareto: 10 
 [0.43478261 0.60653595 1.         0.         0.4580272  0.53689093
 0.36796958 0.60653595 0.5        0.5       ]

Pareto: 11 
 [0.4        0.60653595 1.         0.         0.4580272  0.53689093
 0.36796958 0.60653595 0.5        0.5       ]

Pareto: 12 
 [0.4        0.60653595 1.         0.         0.4580272  0.53689093
 0.36796958 0.60653595 0.5        0.5       ]

Pareto: 13 
 [0.38461538 0.60653595 1.         0.         0.4580272  0.53689093
 0.36796958 0.60653595 0.5        0.5       ]

Pareto: 14 
 [0.35714286 0.39346405 1.         0.         0.22226144 0.30076726
 0.15489769 0.39346405 0.5        0.5       ]

Pareto: 15 
 [0.33333333 0.39346405 1.         0.         0.22226144 0.30076726
 0.15489769 0.39346405 0.5        0.5       ]

Pareto: 16 
 [0.3125     0.39346405 1.         0.         0.22226144 0.30076726
 0.15489769 0.39346405 0.5        0.5       ]

Pareto: 17 
 [0.3030303  0.39346405 1.         0.         0.22226144 0.30076726
 0.15489769 0.39346405 0.5        0.5       ]

Pareto: 18 
 [0.23809524 0.39346405 1.         0.         0.22226144 0.30076726
 0.15489769 0.39346405 0.5        0.5       ]

Pareto: 19 
 [0. 0. 0. 0. 0. 0. 0. 0. 0. 0.]

Pareto: 1 
 [0.90909091 0.69738562 1.         0.66368993 0.6915993  0.69141227
 0.72478636 0.69738562 0.76311688 0.68181818]

Pareto: 2 
 [0.90909091 0.63006536 1.         0.54908403 0.57367513 0.59328797
 0.64303286 0.63006536 0.67532468 0.58818182]

Pareto: 3 
 [0.83333333 0.60653595 1.         0.54908403 0.57367513 0.57590689
 0.62214418 0.60653595 0.60987013 0.58818182]

Pareto: 4 
 [0.76923077 0.60653595 1.         0.50491761 0.54515795 0.5496777
 0.59122072 0.60653595 0.58337662 0.55623377]

Pareto: 5 
 [0.71428571 0.60653595 1.         0.         0.4580272  0.53689093
 0.36796958 0.60653595 0.5        0.5       ]

Pareto: 6 
 [0.58823529 0.60653595 1.         0.         0.4580272  0.53689093
 0.36796958 0.60653595 0.5        0.5       ]

Pareto: 7 
 [0.52631579 0.60653595 1.         0.         0.4580272  0.53689093
 0.36796958 0.60653595 0.5        0.5       ]

Pareto: 8 
 [0.52631579 0.60653595 1.         0.         0.4580272  0.53689093
 0.36796958 0.60653595 0.5        0.5       ]

Pareto: 9 
 [0.5        0.60653595 1.         0.         0.4580272  0.53689093
 0.36796958 0.60653595 0.5        0.5       ]

Pareto: 10 
 [0.4        0.60653595 1.         0.         0.4580272  0.53689093
 0.36796958 0.60653595 0.5        0.5       ]

Pareto: 11 
 [0.38461538 0.60653595 1.         0.         0.4580272  0.53689093
 0.36796958 0.60653595 0.5        0.5       ]

Pareto: 12 
 [0.34482759 0.60653595 1.         0.         0.4580272  0.53689093
 0.36796958 0.60653595 0.5        0.5       ]

Pareto: 13 
 [0.34482759 0.39346405 1.         0.         0.22226144 0.30076726
 0.15489769 0.39346405 0.5        0.5       ]

Pareto: 14 
 [0.32258065 0.39346405 1.         0.         0.22226144 0.30076726
 0.15489769 0.39346405 0.5        0.5       ]

Pareto: 15 
 [0.28571429 0.39346405 1.         0.         0.22226144 0.30076726
 0.15489769 0.39346405 0.5        0.5       ]

Pareto: 16 
 [0. 0. 0. 0. 0. 0. 0. 0. 0. 0.]

Pareto: 1 
 [0.90909091 0.6869281  1.         0.67058194 0.68009325 0.68316659
 0.70303586 0.6869281  0.71909091 0.67688312]

Pareto: 2 
 [0.90909091 0.66339869 1.         0.67058194 0.66614502 0.66107512
 0.69741259 0.66339869 0.68142857 0.67688312]

Pareto: 3 
 [0.71428571 0.66339869 1.         0.67058194 0.66614502 0.66107512
 0.69741259 0.66339869 0.67688312 0.67688312]

Pareto: 4 
 [0.71428571 0.63006536 1.         0.62899996 0.63004268 0.62652964
 0.65979595 0.63006536 0.64441558 0.63922078]

Pareto: 5 
 [0.55555556 0.60653595 1.         0.         0.4580272  0.53689093
 0.36796958 0.60653595 0.61948052 0.5       ]

Pareto: 6 
 [0.5        0.60653595 1.         0.         0.4580272  0.53689093
 0.36796958 0.60653595 0.5        0.5       ]

Pareto: 7 
 [0.47619048 0.60653595 1.         0.         0.4580272  0.53689093
 0.36796958 0.60653595 0.5        0.5       ]

Pareto: 8 
 [0.43478261 0.60653595 1.         0.         0.4580272  0.53689093
 0.36796958 0.60653595 0.5        0.5       ]

Pareto: 9 
 [0.4        0.60653595 1.         0.         0.4580272  0.53689093
 0.36796958 0.60653595 0.5        0.5       ]

Pareto: 10 
 [0.34482759 0.60653595 1.         0.         0.4580272  0.53689093
 0.36796958 0.60653595 0.5        0.5       ]

Pareto: 11 
 [0.34482759 0.60653595 1.         0.         0.4580272  0.53689093
 0.36796958 0.60653595 0.5        0.5       ]

Pareto: 12 
 [0.33333333 0.39346405 1.         0.         0.22226144 0.30076726
 0.15489769 0.39346405 0.5        0.5       ]

Pareto: 13 
 [0. 0. 0. 0. 0. 0. 0. 0. 0. 0.]

Pareto: 1 
 [0.90909091 0.68562092 1.         0.67178288 0.68126021 0.68151805
 0.6992394  0.68562092 0.69       0.67688312]

Pareto: 2 
 [0.83333333 0.66405229 1.         0.61601305 0.6556604  0.65762282
 0.67593838 0.66405229 0.69       0.64662338]

Pareto: 3 
 [0.83333333 0.60653595 1.         0.44438893 0.53739695 0.54858174
 0.54315334 0.60653595 0.6687013  0.54831169]

Pareto: 4 
 [0.66666667 0.60653595 1.         0.         0.4580272  0.53689093
 0.36796958 0.60653595 0.66311688 0.5       ]

Pareto: 5 
 [0.625      0.60653595 1.         0.         0.4580272  0.53689093
 0.36796958 0.60653595 0.5        0.5       ]

Pareto: 6 
 [0.58823529 0.60653595 1.         0.         0.4580272  0.53689093
 0.36796958 0.60653595 0.5        0.5       ]

Pareto: 7 
 [0.55555556 0.60653595 1.         0.         0.4580272  0.53689093
 0.36796958 0.60653595 0.5        0.5       ]

Pareto: 8 
 [0.52631579 0.60653595 1.         0.         0.4580272  0.53689093
 0.36796958 0.60653595 0.5        0.5       ]

Pareto: 9 
 [0.47619048 0.60653595 1.         0.         0.4580272  0.53689093
 0.36796958 0.60653595 0.5        0.5       ]

Pareto: 10 
 [0.35714286 0.60653595 1.         0.         0.4580272  0.53689093
 0.36796958 0.60653595 0.5        0.5       ]

Pareto: 11 
 [0.34482759 0.60653595 1.         0.         0.4580272  0.53689093
 0.36796958 0.60653595 0.5        0.5       ]

Pareto: 12 
 [0.3030303  0.60653595 1.         0.         0.4580272  0.53689093
 0.36796958 0.60653595 0.5        0.5       ]

Pareto: 13 
 [0.26315789 0.39346405 1.         0.         0.22226144 0.30076726
 0.15489769 0.39346405 0.5        0.5       ]

Pareto: 14 
 [0. 0. 0. 0. 0. 0. 0. 0. 0. 0.]

Pareto: 1 
 [0.90909091 0.68627451 1.         0.59263563 0.65109711 0.65913368
 0.7168651  0.68627451 0.72519481 0.64961039]

Pareto: 2 
 [0.83333333 0.60653595 1.         0.53256549 0.5450713  0.5438285
 0.58396941 0.60653595 0.69337662 0.5538961 ]

Pareto: 3 
 [0.71428571 0.60653595 1.         0.20779634 0.4805302  0.53689093
 0.45253202 0.60653595 0.69337662 0.52012987]

Pareto: 4 
 [0.625      0.60653595 1.         0.20779634 0.4805302  0.53689093
 0.45253202 0.60653595 0.69337662 0.52012987]

Pareto: 5 
 [0.58823529 0.60653595 1.         0.         0.4580272  0.53689093
 0.36796958 0.60653595 0.69337662 0.5       ]

Pareto: 6 
 [0.55555556 0.60653595 1.         0.         0.4580272  0.53689093
 0.36796958 0.60653595 0.68181818 0.5       ]

Pareto: 7 
 [0.47619048 0.60653595 1.         0.         0.4580272  0.53689093
 0.36796958 0.60653595 0.5        0.5       ]

Pareto: 8 
 [0.41666667 0.60653595 1.         0.         0.4580272  0.53689093
 0.36796958 0.60653595 0.5        0.5       ]

Pareto: 9 
 [0.3125     0.60653595 1.         0.         0.4580272  0.53689093
 0.36796958 0.60653595 0.5        0.5       ]

Pareto: 10 
 [0.29411765 0.60653595 1.         0.         0.4580272  0.53689093
 0.36796958 0.60653595 0.5        0.5       ]

Pareto: 11 
 [0. 0. 0. 0. 0. 0. 0. 0. 0. 0.]

Pareto: 1 
 [0.90909091 0.70718954 1.         0.64664797 0.69173419 0.69732648
 0.71550402 0.70718954 0.70220779 0.68727273]

Pareto: 2 
 [0.90909091 0.69607843 1.         0.64345322 0.68176541 0.68617992
 0.71088929 0.69607843 0.69077922 0.68337662]

Pareto: 3 
 [0.76923077 0.65163399 1.         0.6043741  0.62985905 0.63353091
 0.66745996 0.65163399 0.67337662 0.6461039 ]

Pareto: 4 
 [0.71428571 0.65163399 1.         0.53599775 0.62240842 0.63353091
 0.64289206 0.65163399 0.66220779 0.6461039 ]

Pareto: 5 
 [0.66666667 0.60653595 1.         0.         0.4580272  0.53689093
 0.36796958 0.60653595 0.66220779 0.5       ]

Pareto: 6 
 [0.58823529 0.60653595 1.         0.         0.4580272  0.53689093
 0.36796958 0.60653595 0.57480519 0.5       ]

Pareto: 7 
 [0.55555556 0.60653595 1.         0.         0.4580272  0.53689093
 0.36796958 0.60653595 0.5        0.5       ]

Pareto: 8 
 [0.55555556 0.60653595 1.         0.         0.4580272  0.53689093
 0.36796958 0.60653595 0.5        0.5       ]

Pareto: 9 
 [0.5        0.60653595 1.         0.         0.4580272  0.53689093
 0.36796958 0.60653595 0.5        0.5       ]

Pareto: 10 
 [0.47619048 0.60653595 1.         0.         0.4580272  0.53689093
 0.36796958 0.60653595 0.5        0.5       ]

Pareto: 11 
 [0.45454545 0.60653595 1.         0.         0.4580272  0.53689093
 0.36796958 0.60653595 0.5        0.5       ]

Pareto: 12 
 [0.41666667 0.60653595 1.         0.         0.4580272  0.53689093
 0.36796958 0.60653595 0.5        0.5       ]

Pareto: 13 
 [0.4        0.60653595 1.         0.         0.4580272  0.53689093
 0.36796958 0.60653595 0.5        0.5       ]

Pareto: 14 
 [0.38461538 0.39346405 1.         0.         0.22226144 0.30076726
 0.15489769 0.39346405 0.5        0.5       ]

Pareto: 15 
 [0. 0. 0. 0. 0. 0. 0. 0. 0. 0.]

Pareto: 1 
 [0.90909091 0.70718954 1.         0.66322437 0.69784118 0.70070236
 0.72084241 0.70718954 0.78831169 0.68818182]

Pareto: 2 
 [0.83333333 0.6503268  1.         0.65921697 0.65196422 0.64746058
 0.68345712 0.6503268  0.66597403 0.66597403]

Pareto: 3 
 [0.76923077 0.6503268  1.         0.65921697 0.65196422 0.64746058
 0.68345712 0.6503268  0.66597403 0.66597403]

Pareto: 4 
 [0.66666667 0.60653595 1.         0.         0.4580272  0.53689093
 0.36796958 0.60653595 0.58415584 0.5       ]

Pareto: 5 
 [0.625      0.60653595 1.         0.         0.4580272  0.53689093
 0.36796958 0.60653595 0.5        0.5       ]

Pareto: 6 
 [0.58823529 0.60653595 1.         0.         0.4580272  0.53689093
 0.36796958 0.60653595 0.5        0.5       ]

Pareto: 7 
 [0.52631579 0.60653595 1.         0.         0.4580272  0.53689093
 0.36796958 0.60653595 0.5        0.5       ]

Pareto: 8 
 [0.5        0.60653595 1.         0.         0.4580272  0.53689093
 0.36796958 0.60653595 0.5        0.5       ]

Pareto: 9 
 [0.45454545 0.60653595 1.         0.         0.4580272  0.53689093
 0.36796958 0.60653595 0.5        0.5       ]

Pareto: 10 
 [0.41666667 0.60653595 1.         0.         0.4580272  0.53689093
 0.36796958 0.60653595 0.5        0.5       ]

Pareto: 11 
 [0.4        0.60653595 1.         0.         0.4580272  0.53689093
 0.36796958 0.60653595 0.5        0.5       ]

Pareto: 12 
 [0.38461538 0.60653595 1.         0.         0.4580272  0.53689093
 0.36796958 0.60653595 0.5        0.5       ]

Pareto: 13 
 [0.35714286 0.60653595 1.         0.         0.4580272  0.53689093
 0.36796958 0.60653595 0.5        0.5       ]

Pareto: 14 
 [0. 0. 0. 0. 0. 0. 0. 0. 0. 0.]

Pareto: 1 
 [0.90909091 0.70915033 1.         0.65583282 0.69145213 0.69990833
 0.70033285 0.70915033 0.74675325 0.67441558]

Pareto: 2 
 [0.83333333 0.60784314 1.         0.55429377 0.57768985 0.58581116
 0.59552988 0.60784314 0.71935065 0.57948052]

Pareto: 3 
 [0.71428571 0.60653595 1.         0.54847797 0.5623667  0.55905559
 0.59552988 0.60653595 0.6487013  0.56909091]

Pareto: 4 
 [0.66666667 0.60653595 1.         0.         0.4580272  0.53689093
 0.36796958 0.60653595 0.5        0.5       ]

Pareto: 5 
 [0.625      0.60653595 1.         0.         0.4580272  0.53689093
 0.36796958 0.60653595 0.5        0.5       ]

Pareto: 6 
 [0.55555556 0.60653595 1.         0.         0.4580272  0.53689093
 0.36796958 0.60653595 0.5        0.5       ]

Pareto: 7 
 [0.55555556 0.60653595 1.         0.         0.4580272  0.53689093
 0.36796958 0.60653595 0.5        0.5       ]

Pareto: 8 
 [0.47619048 0.60653595 1.         0.         0.4580272  0.53689093
 0.36796958 0.60653595 0.5        0.5       ]

Pareto: 9 
 [0.45454545 0.60653595 1.         0.         0.4580272  0.53689093
 0.36796958 0.60653595 0.5        0.5       ]

Pareto: 10 
 [0.4        0.60653595 1.         0.         0.4580272  0.53689093
 0.36796958 0.60653595 0.5        0.5       ]

Pareto: 11 
 [0.32258065 0.60653595 1.         0.         0.4580272  0.53689093
 0.36796958 0.60653595 0.5        0.5       ]

Pareto: 1 
 [0.90909091 0.69673203 1.         0.67029062 0.6870699  0.68982984
 0.72331155 0.69673203 0.7425974  0.68649351]

Pareto: 2 
 [0.90909091 0.69673203 1.         0.6556845  0.6870699  0.68982984
 0.72331155 0.69673203 0.71844156 0.68649351]

Pareto: 3 
 [0.83333333 0.61764706 1.         0.36177887 0.5571749  0.58873748
 0.52475971 0.61764706 0.5825974  0.56623377]

Pareto: 4 
 [0.625      0.60653595 1.         0.32113366 0.50260178 0.53689093
 0.50005777 0.60653595 0.53181818 0.53181818]

Pareto: 5 
 [0.58823529 0.60653595 1.         0.32113366 0.50260178 0.53689093
 0.50005777 0.60653595 0.53181818 0.53181818]

Pareto: 6 
 [0.47619048 0.60653595 1.         0.2406916  0.4580272  0.53689093
 0.41889551 0.60653595 0.5        0.5       ]

Pareto: 7 
 [0.45454545 0.60653595 1.         0.         0.4580272  0.53689093
 0.36796958 0.60653595 0.5        0.5       ]

Pareto: 8 
 [0.38461538 0.60653595 1.         0.         0.4580272  0.53689093
 0.36796958 0.60653595 0.5        0.5       ]

Pareto: 9 
 [0.37037037 0.60653595 1.         0.         0.4580272  0.53689093
 0.36796958 0.60653595 0.5        0.5       ]

Pareto: 10 
 [0.29411765 0.60653595 1.         0.         0.4580272  0.53689093
 0.36796958 0.60653595 0.5        0.5       ]

Pareto: 11 
 [0. 0. 0. 0. 0. 0. 0. 0. 0. 0.]

Pareto: 1 
 [0.90909091 0.70653595 1.         0.64899991 0.69206867 0.69696782
 0.72837404 0.70653595 0.75311688 0.6838961 ]

Pareto: 2 
 [0.83333333 0.6620915  1.         0.52116089 0.63071665 0.64552716
 0.63085708 0.6620915  0.68519481 0.63194805]

Pareto: 3 
 [0.76923077 0.60653595 1.         0.48662946 0.53584434 0.54200619
 0.5427342  0.60653595 0.55220779 0.53402597]

Pareto: 4 
 [0.71428571 0.60653595 1.         0.40679893 0.49487678 0.53689093
 0.49567312 0.60653595 0.5        0.5       ]

Pareto: 5 
 [0.66666667 0.60653595 1.         0.32061596 0.46623476 0.53689093
 0.44972248 0.60653595 0.5        0.5       ]

Pareto: 6 
 [0.625      0.60653595 1.         0.         0.4580272  0.53689093
 0.36796958 0.60653595 0.5        0.5       ]

Pareto: 7 
 [0.58823529 0.60653595 1.         0.         0.4580272  0.53689093
 0.36796958 0.60653595 0.5        0.5       ]

Pareto: 8 
 [0.52631579 0.60653595 1.         0.         0.4580272  0.53689093
 0.36796958 0.60653595 0.5        0.5       ]

Pareto: 9 
 [0.5        0.60653595 1.         0.         0.4580272  0.53689093
 0.36796958 0.60653595 0.5        0.5       ]

Pareto: 10 
 [0.47619048 0.60653595 1.         0.         0.4580272  0.53689093
 0.36796958 0.60653595 0.5        0.5       ]

Pareto: 11 
 [0.34482759 0.60653595 1.         0.         0.4580272  0.53689093
 0.36796958 0.60653595 0.5        0.5       ]

Pareto: 12 
 [0. 0. 0. 0. 0. 0. 0. 0. 0. 0.]

Pareto: 1 
 [0.90909091 0.69673203 1.         0.67181903 0.69484543 0.69524562
 0.69910543 0.69673203 0.73753247 0.68      ]

Pareto: 2 
 [0.90909091 0.60653595 1.         0.53929524 0.55004644 0.57225033
 0.61630887 0.60653595 0.62961039 0.55714286]

Pareto: 3 
 [0.71428571 0.60653595 1.         0.24775357 0.4580272  0.53689093
 0.41649737 0.60653595 0.50649351 0.5       ]

Pareto: 4 
 [0.625      0.60653595 1.         0.         0.4580272  0.53689093
 0.36796958 0.60653595 0.50649351 0.5       ]

Pareto: 5 
 [0.58823529 0.60653595 1.         0.         0.4580272  0.53689093
 0.36796958 0.60653595 0.5        0.5       ]

Pareto: 6 
 [0.55555556 0.60653595 1.         0.         0.4580272  0.53689093
 0.36796958 0.60653595 0.5        0.5       ]

Pareto: 7 
 [0.52631579 0.60653595 1.         0.         0.4580272  0.53689093
 0.36796958 0.60653595 0.5        0.5       ]

Pareto: 8 
 [0.5        0.60653595 1.         0.         0.4580272  0.53689093
 0.36796958 0.60653595 0.5        0.5       ]

Pareto: 9 
 [0.43478261 0.60653595 1.         0.         0.4580272  0.53689093
 0.36796958 0.60653595 0.5        0.5       ]

Pareto: 10 
 [0.34482759 0.60653595 1.         0.         0.4580272  0.53689093
 0.36796958 0.60653595 0.5        0.5       ]

Pareto: 11 
 [0.3030303  0.60653595 1.         0.         0.4580272  0.53689093
 0.36796958 0.60653595 0.5        0.5       ]

Pareto: 12 
 [0. 0. 0. 0. 0. 0. 0. 0. 0. 0.]

Pareto: 1 
 [0.90909091 0.70849673 1.         0.67485786 0.70400562 0.70514616
 0.71332747 0.70849673 0.70935065 0.68818182]

Pareto: 2 
 [0.90909091 0.68496732 1.         0.67106017 0.67472206 0.67882395
 0.69403724 0.68496732 0.67597403 0.67597403]

Pareto: 3 
 [0.625      0.60718954 1.         0.61518366 0.60999656 0.60455753
 0.64147552 0.60718954 0.62012987 0.62012987]

Pareto: 4 
 [0.55555556 0.60653595 1.         0.47335471 0.50189863 0.53689093
 0.53409614 0.60653595 0.54519481 0.51194805]

Pareto: 5 
 [0.5        0.60653595 1.         0.16722769 0.46625927 0.53689093
 0.39685847 0.60653595 0.5        0.5       ]

Pareto: 6 
 [0.43478261 0.60653595 1.         0.08827348 0.4580272  0.53689093
 0.38710539 0.60653595 0.5        0.5       ]

Pareto: 7 
 [0.33333333 0.60653595 1.         0.         0.4580272  0.53689093
 0.36796958 0.60653595 0.5        0.5       ]

Pareto: 8 
 [0.3030303  0.60653595 1.         0.         0.4580272  0.53689093
 0.36796958 0.60653595 0.5        0.5       ]

Pareto: 9 
 [0.28571429 0.60653595 1.         0.         0.4580272  0.53689093
 0.36796958 0.60653595 0.5        0.5       ]

Pareto: 10 
 [0. 0. 0. 0. 0. 0. 0. 0. 0. 0.]

Pareto: 1 
 [0.90909091 0.69738562 1.         0.65238066 0.68858289 0.69044573
 0.7115541  0.69738562 0.74766234 0.67571429]

Pareto: 2 
 [0.90909091 0.69738562 1.         0.65238066 0.68858289 0.69044573
 0.7115541  0.69738562 0.67       0.67571429]

Pareto: 3 
 [0.71428571 0.62941176 1.         0.58445954 0.61853744 0.62159666
 0.6402451  0.62941176 0.63649351 0.61935065]

Pareto: 4 
 [0.52631579 0.60653595 1.         0.42577643 0.54580364 0.56295357
 0.54950462 0.60653595 0.56558442 0.55      ]

Pareto: 5 
 [0.43478261 0.60653595 1.         0.42577643 0.54580364 0.56295357
 0.54950462 0.60653595 0.56558442 0.55      ]

Pareto: 6 
 [0.37037037 0.60653595 1.         0.42577643 0.54580364 0.56295357
 0.54950462 0.60653595 0.56558442 0.55      ]

Pareto: 7 
 [0.27027027 0.60653595 1.         0.         0.4580272  0.53689093
 0.36796958 0.60653595 0.5        0.5       ]

Pareto: 8 
 [0. 0. 0. 0. 0. 0. 0. 0. 0. 0.]

Pareto: 1 
 [0.90909091 0.72941176 1.         0.65922646 0.69172404 0.70758566
 0.7620775  0.72941176 0.78051948 0.6738961 ]

Pareto: 2 
 [0.90909091 0.68431373 1.         0.64090507 0.67714509 0.67983209
 0.68573753 0.68431373 0.68168831 0.65961039]

Pareto: 3 
 [0.58823529 0.60653595 1.         0.54707449 0.56121023 0.56008643
 0.57996279 0.60653595 0.55961039 0.55961039]

Pareto: 4 
 [0.55555556 0.60653595 1.         0.29110005 0.47125516 0.53689093
 0.45189615 0.60653595 0.5        0.5       ]

Pareto: 5 
 [0.5        0.60653595 1.         0.20121853 0.4580272  0.53689093
 0.37223566 0.60653595 0.5        0.5       ]

Pareto: 6 
 [0.47619048 0.60653595 1.         0.14656654 0.4580272  0.53689093
 0.36796958 0.60653595 0.5        0.5       ]

Pareto: 7 
 [0.45454545 0.60653595 1.         0.         0.4580272  0.53689093
 0.36796958 0.60653595 0.5        0.5       ]

Pareto: 8 
 [0.43478261 0.60653595 1.         0.         0.4580272  0.53689093
 0.36796958 0.60653595 0.5        0.5       ]

Pareto: 9 
 [0.43478261 0.60653595 1.         0.         0.4580272  0.53689093
 0.36796958 0.60653595 0.5        0.5       ]

Pareto: 10 
 [0.37037037 0.60653595 1.         0.         0.4580272  0.53689093
 0.36796958 0.60653595 0.5        0.5       ]

Pareto: 11 
 [0.33333333 0.60653595 1.         0.         0.4580272  0.53689093
 0.36796958 0.60653595 0.5        0.5       ]

Pareto: 12 
 [0.3030303  0.60653595 1.         0.         0.4580272  0.53689093
 0.36796958 0.60653595 0.5        0.5       ]

Pareto: 13 
 [0.25641026 0.60653595 1.         0.         0.4580272  0.53689093
 0.36796958 0.60653595 0.5        0.5       ]

Pareto: 14 
 [0. 0. 0. 0. 0. 0. 0. 0. 0. 0.]

Pareto: 1 
 [0.90909091 0.71960784 1.         0.64686021 0.70589624 0.70936073
 0.74877259 0.71960784 0.77649351 0.67922078]

Pareto: 2 
 [0.83333333 0.6627451  1.         0.63840635 0.65663399 0.65694261
 0.68325792 0.6627451  0.7        0.65701299]

Pareto: 3 
 [0.71428571 0.60653595 1.         0.5522494  0.58321925 0.58509413
 0.62318988 0.60653595 0.59025974 0.59025974]

Pareto: 4 
 [0.66666667 0.60653595 1.         0.45555064 0.55965673 0.57438392
 0.58042092 0.60653595 0.57987013 0.57987013]

Pareto: 5 
 [0.43478261 0.60653595 1.         0.09669876 0.48158972 0.54760113
 0.41073854 0.60653595 0.51038961 0.51038961]

Pareto: 6 
 [0.38461538 0.60653595 1.         0.0394771  0.4580272  0.53689093
 0.36796958 0.60653595 0.5        0.5       ]

Pareto: 7 
 [0. 0. 0. 0. 0. 0. 0. 0. 0. 0.]

Pareto: 1 
 [0.90909091 0.74248366 1.         0.68964773 0.71695728 0.7258883
 0.771561   0.74248366 0.75532468 0.69519481]

Pareto: 2 
 [0.83333333 0.68562092 1.         0.59854877 0.6641038  0.67186179
 0.72268246 0.68562092 0.7225974  0.64675325]

Pareto: 3 
 [0.58823529 0.60653595 1.         0.29947717 0.48143943 0.53689093
 0.47093967 0.60653595 0.58441558 0.50753247]

Pareto: 4 
 [0.55555556 0.60653595 1.         0.19231704 0.47323095 0.53689093
 0.42674214 0.60653595 0.5        0.5       ]

Pareto: 5 
 [0.52631579 0.60653595 1.         0.         0.4580272  0.53689093
 0.36796958 0.60653595 0.5        0.5       ]

Pareto: 6 
 [0.47619048 0.60653595 1.         0.         0.4580272  0.53689093
 0.36796958 0.60653595 0.5        0.5       ]

Pareto: 7 
 [0.41666667 0.60653595 1.         0.         0.4580272  0.53689093
 0.36796958 0.60653595 0.5        0.5       ]

Pareto: 8 
 [0.4        0.60653595 1.         0.         0.4580272  0.53689093
 0.36796958 0.60653595 0.5        0.5       ]

Pareto: 9 
 [0.37037037 0.60653595 1.         0.         0.4580272  0.53689093
 0.36796958 0.60653595 0.5        0.5       ]

Pareto: 10 
 [0.35714286 0.60653595 1.         0.         0.4580272  0.53689093
 0.36796958 0.60653595 0.5        0.5       ]

Pareto: 11 
 [0.34482759 0.60653595 1.         0.         0.4580272  0.53689093
 0.36796958 0.60653595 0.5        0.5       ]

Pareto: 12 
 [0.3030303  0.60653595 1.         0.         0.4580272  0.53689093
 0.36796958 0.60653595 0.5        0.5       ]

Pareto: 13 
 [0. 0. 0. 0. 0. 0. 0. 0. 0. 0.]

Pareto: 1 
 [0.90909091 0.73986928 1.         0.66881092 0.7075954  0.72059548
 0.75968137 0.73986928 0.74428571 0.6861039 ]

Pareto: 2 
 [0.66666667 0.66078431 1.         0.64817303 0.659349   0.6573318
 0.68232677 0.66078431 0.6612987  0.6612987 ]

Pareto: 3 
 [0.52631579 0.60653595 1.         0.5161514  0.55509035 0.5573361
 0.57201369 0.60653595 0.59571429 0.54142857]

Pareto: 4 
 [0.5        0.60653595 1.         0.17229165 0.46146624 0.53689093
 0.40892702 0.60653595 0.52246753 0.5       ]

Pareto: 5 
 [0.47619048 0.60653595 1.         0.         0.4580272  0.53689093
 0.36796958 0.60653595 0.50766234 0.5       ]

Pareto: 6 
 [0.45454545 0.60653595 1.         0.         0.4580272  0.53689093
 0.36796958 0.60653595 0.5        0.5       ]

Pareto: 7 
 [0.43478261 0.60653595 1.         0.         0.4580272  0.53689093
 0.36796958 0.60653595 0.5        0.5       ]

Pareto: 8 
 [0.35714286 0.60653595 1.         0.         0.4580272  0.53689093
 0.36796958 0.60653595 0.5        0.5       ]

Pareto: 9 
 [0.3030303  0.60653595 1.         0.         0.4580272  0.53689093
 0.36796958 0.60653595 0.5        0.5       ]

Pareto: 10 
 [0.28571429 0.60653595 1.         0.         0.4580272  0.53689093
 0.36796958 0.60653595 0.5        0.5       ]

Pareto: 11 
 [0.26315789 0.60653595 1.         0.         0.4580272  0.53689093
 0.36796958 0.60653595 0.5        0.5       ]

Pareto: 12 
 [0. 0. 0. 0. 0. 0. 0. 0. 0. 0.]

Pareto: 1 
 [0.90909091 0.74183007 1.         0.68148081 0.71385    0.72505795
 0.77924645 0.74183007 0.71857143 0.69220779]

Pareto: 2 
 [0.90909091 0.69607843 1.         0.66446621 0.69123565 0.69181434
 0.70823045 0.69607843 0.69675325 0.67909091]

Pareto: 3 
 [0.90909091 0.67385621 1.         0.66446621 0.67397825 0.67167443
 0.69315108 0.67385621 0.6712987  0.6712987 ]

Pareto: 4 
 [0.90909091 0.6627451  1.         0.64515377 0.66047656 0.65914623
 0.68254669 0.6627451  0.65701299 0.65701299]

Pareto: 5 
 [0.83333333 0.62810458 1.         0.57051766 0.59866022 0.61045896
 0.65834027 0.62810458 0.59753247 0.59727273]

Pareto: 6 
 [0.55555556 0.60653595 1.         0.55283509 0.56043642 0.55611797
 0.6004192  0.60653595 0.56909091 0.56909091]

Pareto: 7 
 [0.41666667 0.60653595 1.         0.         0.4580272  0.53689093
 0.36796958 0.60653595 0.5        0.5       ]

Pareto: 8 
 [0.38461538 0.60653595 1.         0.         0.4580272  0.53689093
 0.36796958 0.60653595 0.5        0.5       ]

Pareto: 9 
 [0. 0. 0. 0. 0. 0. 0. 0. 0. 0.]

Pareto: 1 
 [0.90909091 0.73071895 1.         0.6805201  0.70365468 0.71221058
 0.76509687 0.73071895 0.80558442 0.6961039 ]

Pareto: 2 
 [0.90909091 0.68627451 1.         0.6434206  0.67762655 0.67934544
 0.70779308 0.68627451 0.76116883 0.66233766]

Pareto: 3 
 [0.76923077 0.63006536 1.         0.62549974 0.62608273 0.62359547
 0.65691391 0.63006536 0.70883117 0.6374026 ]

Pareto: 4 
 [0.52631579 0.60653595 1.         0.3725838  0.48057491 0.53689093
 0.48318809 0.60653595 0.57922078 0.5       ]

Pareto: 5 
 [0. 0. 0. 0. 0. 0. 0. 0. 0. 0.]

Pareto: 1 
 [0.90909091 0.74248366 1.         0.67872323 0.71642322 0.72547539
 0.77576328 0.74248366 0.81220779 0.68987013]

Pareto: 2 
 [0.90909091 0.69607843 1.         0.66158005 0.69164773 0.69318354
 0.6985652  0.69607843 0.73558442 0.6738961 ]

Pareto: 3 
 [0.90909091 0.68496732 1.         0.65283589 0.68106571 0.68217531
 0.69621308 0.68496732 0.66649351 0.66519481]

Pareto: 4 
 [0.76923077 0.6745098  1.         0.64480687 0.6680187  0.66809416
 0.69621308 0.6745098  0.66649351 0.66519481]

Pareto: 5 
 [0.47619048 0.60653595 1.         0.3990685  0.4580272  0.53689093
 0.44329533 0.60653595 0.5        0.5       ]

Pareto: 6 
 [0. 0. 0. 0. 0. 0. 0. 0. 0. 0.]

Pareto: 1 
 [0.90909091 0.75294118 1.         0.68943902 0.73133936 0.73770965
 0.79425654 0.75294118 0.73883117 0.7012987 ]

Pareto: 2 
 [0.90909091 0.69738562 1.         0.68436201 0.69449198 0.695166
 0.71721496 0.69738562 0.70779221 0.68649351]

Pareto: 3 
 [0.90909091 0.69738562 1.         0.66552272 0.69449198 0.695166
 0.71721496 0.69738562 0.69181818 0.67571429]

Pareto: 4 
 [0.66666667 0.6751634  1.         0.6140573  0.644524   0.65980301
 0.66871658 0.6751634  0.66064935 0.64194805]

Pareto: 5 
 [0.47619048 0.5620915  0.99354839 0.54598432 0.56003131 0.5570696
 0.59144574 0.5620915  0.56727273 0.56727273]

Pareto: 6 
 [0.37037037 0.56143791 0.         0.54598432 0.56003131 0.5570696
 0.59144574 0.56143791 0.56727273 0.56727273]

Pareto: 7 
 [0. 0. 0. 0. 0. 0. 0. 0. 0. 0.]

Pareto: 1 
 [0.90909091 0.74183007 1.         0.68390216 0.71152131 0.72208446
 0.79118814 0.74183007 0.73623377 0.69857143]

Pareto: 2 
 [0.90909091 0.70718954 1.         0.66219871 0.69676219 0.70078609
 0.72774831 0.70718954 0.69857143 0.68805195]

Pareto: 3 
 [0.90909091 0.70718954 0.99820381 0.65765441 0.69676219 0.70078609
 0.71007653 0.70718954 0.69857143 0.68298701]

Pareto: 4 
 [0.5        0.66143791 0.6        0.62611024 0.65169651 0.65319903
 0.68367317 0.66143791 0.68155844 0.65428571]

Pareto: 5 
 [0. 0. 0. 0. 0. 0. 0. 0. 0. 0.]

Pareto: 1 
 [0.90909091 0.72091503 1.         0.70455178 0.7206726  0.72051388
 0.72295207 0.72091503 0.74194805 0.70948052]

Pareto: 2 
 [0.90909091 0.6875817  1.         0.65157025 0.68310646 0.68530556
 0.69383706 0.6875817  0.73506494 0.66662338]

Pareto: 3 
 [0.90909091 0.67581699 1.         0.63626498 0.67082463 0.67319484
 0.67130151 0.67581699 0.66519481 0.65233766]

Pareto: 4 
 [0.76923077 0.64052288 0.63847553 0.60676282 0.63466853 0.63613775
 0.65074826 0.64052288 0.61298701 0.62506494]

Pareto: 5 
 [0. 0. 0. 0. 0. 0. 0. 0. 0. 0.]

Pareto: 1 
 [0.90909091 0.75163399 1.         0.69414191 0.72358766 0.73445907
 0.79102277 0.75163399 0.74298701 0.7012987 ]

Pareto: 2 
 [0.90909091 0.70718954 1.         0.67306088 0.69529768 0.69922801
 0.71835883 0.70718954 0.72831169 0.68      ]

Pareto: 3 
 [0.83333333 0.68562092 0.99949728 0.61816061 0.67163931 0.67690697
 0.70313474 0.68562092 0.70441558 0.65194805]

Pareto: 4 
 [0.83333333 0.6503268  0.99949728 0.56351    0.62613601 0.63578842
 0.68168026 0.6503268  0.65909091 0.61922078]

Pareto: 5 
 [0.37037037 0.6503268  0.99905875 0.56351    0.62613601 0.63578842
 0.68168026 0.6503268  0.64649351 0.61922078]

Pareto: 6 
 [0.33333333 0.57124183 0.99225806 0.         0.43950868 0.50994448
 0.35758896 0.57124183 0.50506494 0.47      ]

Pareto: 7 
 [0. 0. 0. 0. 0. 0. 0. 0. 0. 0.]

Pareto: 1 
 [0.90909091 0.73071895 1.         0.6928137  0.70751086 0.71049482
 0.7791511  0.73071895 0.72753247 0.69857143]

Pareto: 2 
 [0.90909091 0.69673203 1.         0.66278074 0.69265732 0.69457832
 0.69652432 0.69673203 0.69662338 0.67480519]

Pareto: 3 
 [0.90909091 0.64183007 1.         0.60938299 0.63444379 0.63545347
 0.65769271 0.64183007 0.67038961 0.63025974]

Pareto: 4 
 [0.4        0.60653595 0.99620339 0.         0.4580272  0.53689093
 0.36796958 0.60653595 0.55532468 0.5       ]

Pareto: 5 
 [0.3030303  0.60653595 0.99620339 0.         0.4580272  0.53689093
 0.36796958 0.60653595 0.55532468 0.5       ]

Pareto: 6 
 [0. 0. 0. 0. 0. 0. 0. 0. 0. 0.]

Pareto: 1 
 [0.90909091 0.69673203 1.         0.67303035 0.69326888 0.69505685
 0.73171024 0.69673203 0.71597403 0.68038961]

Pareto: 2 
 [0.90909091 0.68496732 1.         0.67303035 0.68557393 0.68341985
 0.70159791 0.68496732 0.68038961 0.68038961]

Pareto: 3 
 [0.83333333 0.6503268  1.         0.59524329 0.62623572 0.63604375
 0.65959928 0.6503268  0.61844156 0.60025974]

Pareto: 4 
 [0.83333333 0.61830065 1.         0.53543389 0.56824423 0.58647563
 0.59151727 0.61830065 0.59220779 0.55584416]

Pareto: 5 
 [0.76923077 0.60653595 1.         0.35055662 0.48244863 0.53689093
 0.49288727 0.60653595 0.51103896 0.5       ]

Pareto: 6 
 [0.33333333 0.60653595 1.         0.         0.4580272  0.53689093
 0.36796958 0.60653595 0.5        0.5       ]

Pareto: 7 
 [0. 0. 0. 0. 0. 0. 0. 0. 0. 0.]

Pareto: 1 
 [0.90909091 0.75228758 1.         0.68182232 0.72653649 0.73577249
 0.78420634 0.75228758 0.74337662 0.70493506]

Pareto: 2 
 [0.90909091 0.71830065 1.         0.67344671 0.70667289 0.70848394
 0.7491277  0.71830065 0.72077922 0.70493506]

Pareto: 3 
 [0.90909091 0.6745098  1.         0.52844231 0.63872509 0.65313702
 0.69504468 0.6745098  0.64701299 0.61077922]

Pareto: 4 
 [0.83333333 0.60653595 1.         0.42933027 0.53491817 0.55773066
 0.55403876 0.60653595 0.57311688 0.55584416]

Pareto: 5 
 [0.55555556 0.60653595 1.         0.30316861 0.49516714 0.53689093
 0.48332371 0.60653595 0.51961039 0.51961039]

Pareto: 6 
 [0.45454545 0.60653595 1.         0.         0.4580272  0.53689093
 0.36796958 0.60653595 0.5        0.5       ]

Pareto: 7 
 [0.43478261 0.60653595 1.         0.         0.4580272  0.53689093
 0.36796958 0.60653595 0.5        0.5       ]

Pareto: 1 
 [0.90909091 0.70718954 1.         0.67461914 0.70195974 0.70367358
 0.73798814 0.70718954 0.73519481 0.68909091]

Pareto: 2 
 [0.90909091 0.6745098  1.         0.63362162 0.66854821 0.66908487
 0.69620895 0.6745098  0.67857143 0.65792208]

Pareto: 3 
 [0.83333333 0.66339869 1.         0.63130817 0.6523969  0.65452682
 0.68587792 0.66339869 0.65792208 0.65792208]

Pareto: 4 
 [0.83333333 0.65228758 1.         0.49132542 0.6074897  0.62721595
 0.68291161 0.65228758 0.6574026  0.58831169]

Pareto: 5 
 [0.83333333 0.60653595 1.         0.42012825 0.54642542 0.56109159
 0.53321467 0.60653595 0.59337662 0.52714286]

Pareto: 6 
 [0.71428571 0.60653595 1.         0.16116459 0.4580272  0.53689093
 0.39269181 0.60653595 0.53155844 0.5       ]

Pareto: 7 
 [0.47619048 0.60653595 1.         0.         0.4580272  0.53689093
 0.36796958 0.60653595 0.5        0.5       ]

Pareto: 8 
 [0.43478261 0.60653595 1.         0.         0.4580272  0.53689093
 0.36796958 0.60653595 0.5        0.5       ]

Pareto: 9 
 [0. 0. 0. 0. 0. 0. 0. 0. 0. 0.]

Pareto: 1 
 [0.90909091 0.74052288 1.         0.69168222 0.71317015 0.7242981
 0.77345256 0.74052288 0.7212987  0.69948052]

Pareto: 2 
 [0.90909091 0.70718954 1.         0.67344869 0.70095276 0.70299628
 0.71001227 0.70718954 0.69636364 0.68909091]

Pareto: 3 
 [0.76923077 0.62810458 1.         0.48021601 0.56420957 0.59615149
 0.61540033 0.62810458 0.62922078 0.55792208]

Pareto: 4 
 [0.71428571 0.60653595 1.         0.17426036 0.4580272  0.53689093
 0.40411275 0.60653595 0.55623377 0.5       ]

Pareto: 5 
 [0.625      0.60653595 1.         0.         0.4580272  0.53689093
 0.36796958 0.60653595 0.5        0.5       ]

Pareto: 6 
 [0.55555556 0.60653595 1.         0.         0.4580272  0.53689093
 0.36796958 0.60653595 0.5        0.5       ]

Pareto: 7 
 [0.5        0.60653595 1.         0.         0.4580272  0.53689093
 0.36796958 0.60653595 0.5        0.5       ]

Pareto: 8 
 [0.27777778 0.55947712 0.99369942 0.         0.4322623  0.50028443
 0.35306407 0.55947712 0.45220779 0.46      ]

Pareto: 9 
 [0. 0. 0. 0. 0. 0. 0. 0. 0. 0.]

