Generation 0
[0.024067   0.01257828 0.024067   0.024067   0.01664062 0.01688375
 0.         0.024067   0.01823281 0.024067   0.01254226 0.01823281
 0.024067   0.0128064  0.024067   0.024067   0.024067   0.024067
 0.01823281 0.024067   0.024067   0.01679317 0.01823281 0.0164638
 0.01823281 0.024067   0.         0.024067   0.0164638  0.024067
 0.         0.0164638  0.024067   0.         0.0128415  0.01664062
 0.024067   0.01641511 0.024067   0.0128064  0.024067   0.
 0.01790038 0.         0.         0.01679317 0.01823281 0.01657579
 0.01688375 0.01641511 0.01790038 0.         0.01271515 0.01688375
 0.01688375 0.01698641 0.01790038 0.024067   0.01657579 0.01250984]
Generation 1
[0.0193788  0.02007207 0.0073941  0.02265924 0.02265924 0.0193788
 0.01426003 0.02265924 0.02265924 0.02265924 0.02007207 0.01396975
 0.0193788  0.01067433 0.01378043 0.02265924 0.01396975 0.01063124
 0.02265924 0.01378043 0.0193788  0.01426003 0.01367667 0.02007207
 0.01370849 0.02007207 0.01409781 0.01409781 0.0193788  0.0193788
 0.01072357 0.01426003 0.02265924 0.02265924 0.01370849 0.02265924
 0.0073941  0.01370849 0.01061165 0.02265924 0.01409781 0.02265924
 0.01396975 0.0193788  0.01370849 0.01047735 0.         0.02265924
 0.01367667 0.01378043 0.02007207 0.01067433 0.01396975 0.01409781
 0.01370849 0.02265924 0.0193788  0.01378043 0.02265924 0.02007207]
Generation 2
[0.00678459 0.01352723 0.01976825 0.01976825 0.01416867 0.01976825
 0.01349583 0.02226374 0.02226374 0.02226374 0.02226374 0.01378503
 0.01378503 0.01830983 0.0191606  0.02226374 0.01976825 0.01976825
 0.01373132 0.0191606  0.01341463 0.02226374 0.02226374 0.02226374
 0.01416867 0.01378503 0.01391141 0.01391141 0.01059307 0.
 0.01029041 0.02226374 0.01976825 0.01378503 0.01976825 0.01830983
 0.01830983 0.01830983 0.02226374 0.0191606  0.         0.010436
 0.01976825 0.0191606  0.01976825 0.01378503 0.01416867 0.02226374
 0.01349583 0.01055665 0.01416867 0.0191606  0.01373132 0.01051124
 0.02226374 0.02226374 0.01976825 0.0191606  0.01153459 0.0191606 ]
Generation 3
[0.01966444 0.01933757 0.01966444 0.01211918 0.         0.0120183
 0.0120183  0.01211918 0.01230203 0.01933757 0.00943679 0.01966444
 0.01966444 0.0120183  0.01896578 0.01966444 0.01966444 0.01966444
 0.01810779 0.01933757 0.01810779 0.01933757 0.01966444 0.01218278
 0.01966444 0.01281325 0.0120183  0.01230203 0.01896578 0.01896578
 0.0122585  0.01966444 0.01966444 0.01810779 0.01966444 0.01933757
 0.01966444 0.01218278 0.01218278 0.01966444 0.01933757 0.01933757
 0.01281325 0.01218278 0.01933757 0.01966444 0.0122585  0.01218278
 0.01810779 0.01933757 0.01933757 0.01896578 0.01281325 0.01966444
 0.01896578 0.01966444 0.01810779 0.01966444 0.01896578 0.01810779]
Generation 4
[0.02116779 0.02031715 0.0168219  0.02116779 0.02116779 0.02031715
 0.01356376 0.02031715 0.02116779 0.0127536  0.0127536  0.01070635
 0.01772002 0.01326923 0.02031715 0.02031715 0.01342632 0.013491
 0.02031715 0.02116779 0.01425158 0.01772002 0.0168219  0.01772002
 0.01772002 0.02031715 0.01326923 0.02116779 0.01300923 0.01425158
 0.01336844 0.01070635 0.02116779 0.0130336  0.013491   0.02031715
 0.01342632 0.02031715 0.01007597 0.01425158 0.02031715 0.02116779
 0.02031715 0.01425158 0.02031715 0.01772002 0.02031715 0.02031715
 0.0129265  0.02116779 0.02031715 0.         0.02116779 0.01772002
 0.02116779 0.01336844 0.01336844 0.01425158 0.02116779 0.        ]
Generation 5
[0.01043342 0.02062394 0.01563621 0.02062394 0.01417321 0.01833659
 0.01833659 0.         0.         0.01833659 0.01581249 0.01311862
 0.01833659 0.02062394 0.01833659 0.01833659 0.01581249 0.02062394
 0.01563621 0.02062394 0.01581249 0.01417321 0.01287667 0.01563621
 0.01043342 0.01833659 0.01563621 0.02062394 0.01563621 0.02062394
 0.01417321 0.0140659  0.02062394 0.01581249 0.01323614 0.01563621
 0.02062394 0.01323614 0.02062394 0.02062394 0.01581249 0.02062394
 0.01581249 0.02062394 0.02062394 0.01563621 0.01833659 0.02062394
 0.01417321 0.02062394 0.02062394 0.01311862 0.01833659 0.02062394
 0.01563621 0.01291296 0.01833659 0.02062394 0.0140659  0.02062394]
Generation 6
[0.01946773 0.01946773 0.01929105 0.01299896 0.01946773 0.01946773
 0.01810999 0.01810999 0.01810999 0.01929105 0.01224913 0.01758865
 0.01299896 0.01214881 0.01810999 0.01224913 0.01810999 0.01206674
 0.01929105 0.01810999 0.01929105 0.01810999 0.01810999 0.01929105
 0.01256141 0.01946773 0.01256141 0.01946773 0.01946773 0.01758865
 0.01946773 0.01929105 0.01299896 0.01929105 0.01946773 0.01256141
 0.01946773 0.01196824 0.01946773 0.00941186 0.01810999 0.
 0.01810999 0.01929105 0.01946773 0.01946773 0.01758865 0.01946773
 0.01224913 0.01299896 0.01199834 0.01946773 0.01210582 0.01929105
 0.01214881 0.01758865 0.01946773 0.01810999 0.01758865 0.01946773]
Generation 7
[0.02040673 0.01903781 0.01915665 0.02040673 0.02040673 0.
 0.02040673 0.01903781 0.02040673 0.02040673 0.01903781 0.01915665
 0.01915665 0.01915665 0.01307506 0.01307506 0.01903781 0.01903781
 0.02040673 0.01225959 0.01915665 0.01915665 0.01228812 0.01245758
 0.01522366 0.         0.02040673 0.01915665 0.01915665 0.01304382
 0.01205003 0.02040673 0.01270527 0.01220866 0.01915665 0.0126371
 0.01903781 0.01245758 0.01903781 0.01307506 0.02040673 0.02040673
 0.01915665 0.01247352 0.01238924 0.02040673 0.01205003 0.02040673
 0.02040673 0.01522366 0.01304382 0.02040673 0.02040673 0.01915665
 0.01903781 0.02040673 0.01252231 0.01231902 0.02040673 0.01307506]
Generation 8
[0.01137829 0.01676428 0.01740992 0.01676428 0.01676428 0.01971863
 0.01676428 0.01971863 0.01740992 0.01740992 0.01233155 0.01204877
 0.01214792 0.01971863 0.00904527 0.01676428 0.01740992 0.01971863
 0.01740992 0.01971863 0.01676428 0.01740992 0.01218727 0.01740992
 0.01740992 0.01740992 0.01218727 0.01253354 0.01971863 0.01971863
 0.01971863 0.01233155 0.01137829 0.01676428 0.01740992 0.01971863
 0.01971863 0.01676428 0.00904527 0.01676428 0.01233155 0.01971863
 0.01740992 0.01971863 0.01245779 0.01682448 0.01971863 0.01740992
 0.01676428 0.01676428 0.01682448 0.01971863 0.01740992 0.01971863
 0.01971863 0.01676428 0.01740992 0.01740992 0.01971863 0.01740992]
Generation 9
[0.01908912 0.01894565 0.01894565 0.01894565 0.01908912 0.01908912
 0.01894565 0.01908912 0.01528267 0.         0.01908912 0.01908912
 0.01908912 0.01908912 0.01908912 0.01908912 0.01908912 0.01908912
 0.01894565 0.01528267 0.01406325 0.01171935 0.01894565 0.01528267
 0.01894565 0.01528267 0.01894565 0.01399878 0.01894565 0.01528267
 0.01908912 0.01528267 0.01159671 0.01908912 0.01406325 0.01292423
 0.01528267 0.01908912 0.01157173 0.01292423 0.01406325 0.01157173
 0.01908912 0.01528267 0.01908912 0.01894565 0.01908912 0.01908912
 0.01908912 0.01908912 0.011438   0.01406325 0.01528267 0.01406325
 0.01894565 0.01399878 0.01894565 0.01399878 0.01908912 0.01908912]
Generation 10
[0.00888599 0.01673305 0.01289409 0.01284845 0.01673305 0.
 0.02086989 0.01673305 0.02086989 0.02086989 0.01891588 0.01673305
 0.02086989 0.02086989 0.01891588 0.02086989 0.02086989 0.01891588
 0.02086989 0.01891588 0.02086989 0.0149691  0.02086989 0.01376115
 0.01033146 0.01673305 0.0149691  0.02086989 0.01673305 0.01566571
 0.02086989 0.01566571 0.02086989 0.01673305 0.01891588 0.
 0.01313365 0.01891588 0.01566571 0.02086989 0.01673305 0.02086989
 0.02086989 0.         0.02086989 0.01566571 0.02086989 0.02086989
 0.0125967  0.02086989 0.01891588 0.01673305 0.01891588 0.01891588
 0.         0.01891588 0.02086989 0.01891588 0.01306319 0.01294452]
Generation 11
[0.0127888  0.0213621  0.0213621  0.0213621  0.0213621  0.01329322
 0.0213621  0.01311307 0.0213621  0.01841842 0.01841842 0.01841842
 0.0135114  0.0127888  0.01502554 0.01341508 0.01841842 0.01335076
 0.0213621  0.0135114  0.01324142 0.0213621  0.01324142 0.01502554
 0.0213621  0.0213621  0.01841842 0.01841842 0.0213621  0.01841842
 0.01285376 0.         0.01502554 0.01502554 0.01329322 0.0213621
 0.0213621  0.01841842 0.0213621  0.0213621  0.0213621  0.01293602
 0.01841842 0.01060976 0.0213621  0.01841842 0.0213621  0.01502554
 0.01841842 0.01841842 0.01841842 0.         0.01502554 0.0213621
 0.01060976 0.0135114  0.0135114  0.01341508 0.01311307 0.01841842]
Generation 12
[0.01992524 0.01992524 0.01992524 0.01992524 0.0174787  0.01992524
 0.         0.01946058 0.0174787  0.0174787  0.0174787  0.01992524
 0.01992524 0.0174787  0.0174787  0.01191015 0.01946058 0.01946058
 0.0174787  0.01992524 0.01262998 0.01992524 0.01315501 0.01992524
 0.01992524 0.         0.0152715  0.01992524 0.0174787  0.0152715
 0.01992524 0.0174787  0.0174787  0.01992524 0.01992524 0.01992524
 0.01992524 0.01262998 0.01992524 0.0152715  0.01946058 0.01992524
 0.01992524 0.0174787  0.01946058 0.01199722 0.0152715  0.0152715
 0.01262998 0.01315501 0.01992524 0.01946058 0.0152715  0.0174787
 0.0174787  0.01194181 0.0174787  0.         0.01315501 0.0152715 ]
Generation 13
[0.01913624 0.01913624 0.01515885 0.01913624 0.01736478 0.01165489
 0.01913624 0.01913624 0.01939741 0.0082295  0.01515885 0.01736478
 0.01736478 0.01487916 0.01487916 0.01913624 0.01515885 0.01736478
 0.01084594 0.01939741 0.01487916 0.01499468 0.         0.01200686
 0.01913624 0.01515885 0.01145624 0.01913624 0.01913624 0.01515885
 0.01939741 0.01499468 0.01913624 0.01913624 0.01736478 0.01939741
 0.01939741 0.01736478 0.01736478 0.01939741 0.01200686 0.01939741
 0.01939741 0.01913624 0.01749212 0.01499468 0.01913624 0.01736478
 0.01736478 0.01913624 0.01736478 0.0082295  0.01736478 0.01939741
 0.01913624 0.01499468 0.01736478 0.01939741 0.01913624 0.01913624]
Generation 14
[0.01184404 0.00967587 0.01316725 0.01755771 0.0150907  0.01755771
 0.01430083 0.02183236 0.02081978 0.01755771 0.01397322 0.
 0.01430083 0.02183236 0.01430083 0.0150907  0.02183236 0.02183236
 0.         0.02183236 0.02183236 0.02081978 0.02081978 0.02081978
 0.0150907  0.01316725 0.02081978 0.01316725 0.02081978 0.0150907
 0.02183236 0.02183236 0.0150907  0.02183236 0.01397322 0.01281474
 0.02183236 0.01755771 0.02183236 0.02081978 0.01296676 0.00967587
 0.01320631 0.01303996 0.01755771 0.02183236 0.01755771 0.02081978
 0.01290687 0.01397322 0.01184404 0.02081978 0.02183236 0.01755771
 0.         0.02183236 0.02183236 0.01755771 0.02183236 0.0150907 ]
Generation 15
[0.00968966 0.01854459 0.01968627 0.01854459 0.01968627 0.01200156
 0.01968627 0.01968627 0.01854459 0.01854459 0.01580335 0.01968627
 0.01261127 0.01854459 0.         0.01968627 0.01968627 0.016585
 0.01968627 0.         0.01968627 0.01968627 0.01968627 0.016585
 0.01968627 0.01968627 0.         0.01854459 0.01580335 0.01854459
 0.01854459 0.01854459 0.01854459 0.         0.01968627 0.01854841
 0.01200156 0.01854459 0.016585   0.01580335 0.01968627 0.016585
 0.01968627 0.01968627 0.01968627 0.01968627 0.01968627 0.016585
 0.01968627 0.01580335 0.016585   0.016585   0.01854459 0.01968627
 0.01261127 0.01854459 0.01968627 0.01968627 0.01968627 0.00999134]
Generation 16
[0.01361747 0.02030016 0.02187651 0.02187651 0.01294701 0.02187651
 0.         0.         0.0154008  0.0154008  0.02030016 0.02187651
 0.02030016 0.02030016 0.01549489 0.         0.02187651 0.0154008
 0.01738512 0.02030016 0.01291453 0.01563433 0.02187651 0.02187651
 0.02187651 0.01272559 0.01280703 0.01283103 0.02030016 0.02187651
 0.0154008  0.02187651 0.         0.02187651 0.02187651 0.
 0.02187651 0.02187651 0.02030016 0.01283103 0.02030016 0.01434205
 0.02187651 0.02160446 0.02030016 0.01622698 0.02187651 0.02187651
 0.02187651 0.0154008  0.01309676 0.01309676 0.02030016 0.02030016
 0.01316066 0.01306299 0.02187651 0.0128568  0.01306299 0.01434205]
Generation 17
[0.0196672  0.01802255 0.01167593 0.01551211 0.01802255 0.01286757
 0.01286757 0.0196672  0.01551211 0.0196672  0.0196672  0.01551211
 0.0196672  0.01551211 0.01612941 0.0196672  0.01286757 0.01154928
 0.01181359 0.01802255 0.0196672  0.01802255 0.01802255 0.0196672
 0.01150929 0.01802255 0.01551211 0.0196672  0.0196672  0.0196672
 0.01802255 0.0196672  0.0196672  0.01551211 0.0196672  0.0196672
 0.         0.0196672  0.0196672  0.0196672  0.01612941 0.01191249
 0.0196672  0.0196672  0.0196672  0.01551211 0.         0.0196672
 0.0196672  0.01551211 0.01191249 0.0196672  0.01184863 0.01802255
 0.01157998 0.0196672  0.01802255 0.01802255 0.0196672  0.0196672 ]
Generation 18
[0.01959627 0.01692624 0.01692624 0.01893268 0.01959627 0.
 0.01860768 0.01893268 0.01959627 0.00788841 0.         0.
 0.01570631 0.01893268 0.01959627 0.01860768 0.01959627 0.01893268
 0.01959627 0.01893268 0.01959627 0.01692624 0.01692624 0.01959627
 0.01893268 0.01692624 0.01959627 0.01959627 0.         0.01959627
 0.01828782 0.01959627 0.01828782 0.01959627 0.01169507 0.01570631
 0.01893268 0.01893268 0.01692624 0.01893268 0.01959627 0.00788841
 0.01893268 0.01959627 0.01692624 0.01959627 0.01163865 0.01570631
 0.01692624 0.01570631 0.01893268 0.01893268 0.01893268 0.01959627
 0.01893268 0.01828782 0.01692624 0.01959627 0.01692624 0.01893268]
Generation 19
[0.01845095 0.01651737 0.01845095 0.01845095 0.01845095 0.01845095
 0.01845095 0.01762794 0.01321077 0.01845095 0.01845095 0.01845095
 0.01845095 0.01316539 0.01845095 0.01762794 0.01651737 0.01845095
 0.01321077 0.01845095 0.01845095 0.01651737 0.01762794 0.01845095
 0.01762794 0.01651737 0.01762794 0.01845095 0.01651737 0.
 0.01762794 0.01268009 0.01845095 0.01651737 0.01762794 0.01762794
 0.01651737 0.01268009 0.01845095 0.01762794 0.01762794 0.01845095
 0.01762794 0.01845095 0.01845095 0.01762794 0.01316539 0.01845095
 0.01316539 0.01845095 0.01651737 0.01845095 0.01845095 0.01762794
 0.         0.01845095 0.01845095 0.01845095 0.01316539 0.01762794]
Generation 20
[0.01876448 0.0175589  0.01793844 0.01876448 0.0175589  0.0175589
 0.0175589  0.01876448 0.0175589  0.01876448 0.01876448 0.01719097
 0.01294742 0.01793844 0.01876448 0.01719097 0.0175589  0.01793844
 0.01793844 0.01719097 0.01876448 0.01876448 0.01294742 0.0175589
 0.01793844 0.01793844 0.01876448 0.01719097 0.01571398 0.01876448
 0.         0.01876448 0.0175589  0.01793844 0.01876448 0.01876448
 0.01876448 0.01876448 0.01571398 0.01876448 0.01876448 0.0175589
 0.         0.01719097 0.01876448 0.01793844 0.01876448 0.01793844
 0.01793844 0.01793844 0.         0.01793844 0.         0.01876448
 0.0175589  0.01714444 0.01876448 0.01714444 0.01876448 0.01876448]
Generation 21
[0.01799601 0.01387959 0.01730998 0.01597222 0.01730998 0.01730998
 0.01730998 0.01799601 0.01714862 0.01597222 0.01714862 0.01799601
 0.01730998 0.01730998 0.01799601 0.01730998 0.01730998 0.01714862
 0.01387959 0.01212641 0.01799601 0.01714862 0.01597222 0.01799601
 0.01714862 0.01714862 0.01585641 0.01585641 0.01730998 0.01730998
 0.01714862 0.01799601 0.01730998 0.01730998 0.01799601 0.01597222
 0.01597222 0.01597222 0.01730998 0.01714862 0.         0.01730998
 0.01730998 0.01799601 0.01730998 0.01730998 0.01714862 0.01387959
 0.01714862 0.01730998 0.01799601 0.01799601 0.01597222 0.01730998
 0.01730998 0.01730998 0.01730998 0.01730998 0.01799601 0.01714862]
Generation 22
[0.01819586 0.01819586 0.01819586 0.01819586 0.         0.01762498
 0.01819586 0.01819586 0.01819586 0.01762498 0.01819586 0.01819586
 0.01762498 0.01819586 0.01819586 0.01819586 0.01819586 0.01819586
 0.01819586 0.01819586 0.01762498 0.01552361 0.01754916 0.01762498
 0.01552361 0.01754916 0.01819586 0.01285228 0.01819586 0.
 0.01754916 0.01754916 0.01819586 0.01762498 0.01819586 0.01762498
 0.01762498 0.01762498 0.01819586 0.01762498 0.01819586 0.01819586
 0.01754916 0.01762498 0.01762498 0.01446013 0.01819586 0.01819586
 0.01762498 0.01762498 0.01819586 0.         0.01762498 0.01819586
 0.01754916 0.01754916 0.01285228 0.01762498 0.01819586 0.01446013]
Generation 23
[0.01364607 0.01883659 0.01883659 0.01883659 0.01807064 0.01883659
 0.01758189 0.01883659 0.01883659 0.01807064 0.         0.01364607
 0.01883659 0.         0.01883659 0.01599522 0.01807064 0.01599522
 0.01599522 0.01883659 0.01436062 0.01807064 0.01883659 0.01807064
 0.01883659 0.01807064 0.01883659 0.01883659 0.01807064 0.01758189
 0.01883659 0.01883659 0.01883659 0.01883659 0.01758189 0.01883659
 0.01436062 0.01807064 0.01807064 0.01883659 0.01807064 0.01807064
 0.01807064 0.01883659 0.01807064 0.01883659 0.01883659 0.01807064
 0.01758189 0.01807064 0.01883659 0.         0.01807064 0.01883659
 0.01436062 0.         0.01807064 0.01883659 0.01436062 0.01883659]
Generation 24
[0.01920683 0.01852127 0.01920683 0.01920683 0.01920683 0.01852127
 0.01078774 0.01852127 0.01686299 0.         0.01920683 0.0161249
 0.01852127 0.01686299 0.01323646 0.01852127 0.01252194 0.01852127
 0.01252194 0.01775166 0.01920683 0.01686299 0.01920683 0.01852127
 0.0161249  0.01920683 0.         0.01078774 0.01775166 0.01920683
 0.01686299 0.01920683 0.01920683 0.01775166 0.01852127 0.01686299
 0.         0.01852127 0.01920683 0.01775166 0.01603479 0.01775166
 0.01603479 0.01852127 0.01775166 0.01686299 0.01920683 0.01775166
 0.01920683 0.01920683 0.01603479 0.01920683 0.01686299 0.01852127
 0.01323646 0.01920683 0.01775166 0.01852127 0.01920683 0.01852127]
Generation 25
[0.01839292 0.01839292 0.01839292 0.01205823 0.01839292 0.01670679
 0.01772598 0.01839292 0.01670679 0.01772598 0.01772598 0.01772598
 0.01670679 0.01839292 0.01839292 0.01839292 0.01670679 0.01670679
 0.01461673 0.01839292 0.01772598 0.01205823 0.         0.01772598
 0.01107846 0.01772598 0.01670679 0.01839292 0.01839292 0.01772598
 0.01839292 0.01670679 0.01839292 0.01772598 0.01670679 0.01839292
 0.01839292 0.01772598 0.01110873 0.01670679 0.01772598 0.01839292
 0.01772598 0.01839292 0.01094862 0.00903901 0.0133806  0.01839292
 0.01839292 0.01670679 0.01772598 0.01772598 0.01839292 0.01839292
 0.01461673 0.01839292 0.01670679 0.01839292 0.01839292 0.01772598]
Generation 26
[0.01862912 0.01835989 0.01125966 0.01690375 0.01862912 0.01835989
 0.01835989 0.01585841 0.01690375 0.01862912 0.01862912 0.01862912
 0.01690375 0.01585841 0.01862912 0.01835989 0.01585841 0.01862912
 0.01835989 0.         0.01862912 0.01387801 0.01862912 0.01387801
 0.01862912 0.01862912 0.01862912 0.01690375 0.01387801 0.01835989
 0.01387801 0.01862912 0.01835989 0.01862912 0.         0.01835989
 0.01862912 0.01835989 0.         0.01862912 0.01835989 0.01690375
 0.01862912 0.01862912 0.01835989 0.01862912 0.01862912 0.01862912
 0.01862912 0.01862912 0.01862912 0.01835989 0.01125966 0.01862912
 0.01862912 0.01690375 0.01690375 0.01862912 0.01585841 0.01690375]
Generation 27
[0.01889629 0.01889629 0.01889629 0.011259   0.01471301 0.0167192
 0.01430171 0.00751174 0.01889629 0.01471301 0.01889629 0.01471301
 0.01889629 0.0167192  0.011259   0.01298614 0.01889629 0.0167192
 0.01889629 0.01848413 0.01058948 0.01889629 0.01116941 0.01889629
 0.01848413 0.01889629 0.01471301 0.01848413 0.01889629 0.01311319
 0.0167192  0.01501675 0.01848413 0.01120254 0.01848413 0.01889629
 0.01298614 0.01889629 0.01889629 0.01889629 0.01889629 0.01034139
 0.01848413 0.0167192  0.0167192  0.01848413 0.01889629 0.01848413
 0.01889629 0.0167192  0.01311319 0.01848413 0.01848413 0.01889629
 0.01848413 0.01848413 0.01889629 0.01889629 0.0167192  0.01501675]
Generation 28
[0.0095353  0.01805479 0.         0.01805479 0.01891408 0.01891408
 0.01805479 0.01805479 0.01891408 0.01891408 0.01660084 0.01660084
 0.01891408 0.01504032 0.01891408 0.01660084 0.01170769 0.01891408
 0.01770744 0.00924226 0.01805479 0.01382549 0.01891408 0.01155908
 0.01805479 0.01504032 0.01891408 0.01891408 0.01805479 0.01891408
 0.01805479 0.0128196  0.01660084 0.01770744 0.01891408 0.01770744
 0.01891408 0.01891408 0.01148769 0.01891408 0.01805479 0.01805479
 0.01805479 0.01660084 0.01770744 0.01805479 0.01891408 0.00924226
 0.0128196  0.01660084 0.01660084 0.01805479 0.01770744 0.01770744
 0.01805479 0.01805479 0.01891408 0.01504032 0.01891408 0.01891408]
Generation 29
[0.01945175 0.02001069 0.01348865 0.01643136 0.01945175 0.01598044
 0.01215385 0.01643136 0.01227827 0.01643136 0.02001069 0.02001069
 0.02001069 0.01643136 0.01643136 0.01462706 0.01945175 0.01945175
 0.01598044 0.01462706 0.01643136 0.02001069 0.02001069 0.01205431
 0.01643136 0.00728518 0.02001069 0.01205431 0.01215385 0.01945175
 0.01945175 0.01945175 0.01375199 0.01348865 0.         0.02001069
 0.01945175 0.01945175 0.02001069 0.02001069 0.02001069 0.02001069
 0.01945175 0.02001069 0.02001069 0.02001069 0.02001069 0.01375199
 0.02001069 0.01945175 0.01945175 0.01227827 0.01205431 0.00728518
 0.01205431 0.02001069 0.01227827 0.01227827 0.02001069 0.01945175]
