Generation 0
Individual indices selected: [55 48 22  2 40 45  0 42 38 32  4 18 10 55  3 11 52 56  3  8 16 23 18 10
 17 56 25 46 48 39 53 38  9  4 57 48 16  1 40 55 11 54 24  4 10 29 32 31
 53 12 59 53 48  4  2 48 52  9 12]
-------
Generation 1
Individual indices selected: [19  0 23 27  7 38 29 10 58 41 57 52 18 33 25 50 10 38 43 22 58 37  7  6
 16  1  6  4  4  4  8 20 20 56 59 36  2  7  0 23 51 55 12 59 26 16 28 34
 48  1 18 34 48  5 10  3 50  4  8]
-------
Generation 2
Individual indices selected: [50  7 20 32 47 22 12 26 54  6 25 16  6 35 23 10 42 46 35 43  8 30 22 39
 17 48 33 55 16 18 23 15 17  7 42 28  6 18  1  4  9 24  6 13 21 26 22 13
 55  5 36 52 55 59  8 51  9 37 35]
-------
Generation 3
Individual indices selected: [19  2 36 12 41 40  1 49 15 15 51 14 56 46 19 54 29 40  6 45 45  2  2 44
 35 11 11 55 20 11 51 16  3 40 59 16 29 19 54  5 22 28 57 49  1 57 33 25
 18 49 17 53 40 17 48 56 45 11 17]
-------
Generation 4
Individual indices selected: [34 45 25 11 25 14  3 41 58 34 48 50 20 37 19 39 43 34  5 23 31 48 47  0
 37 53 19  7 44 17 19 52 12 49 45 25 53 32  8 50  2 14  3 27  1  5 49 50
 14  3 55  1 21 43 33 34 49 18 36]
-------
Generation 5
Individual indices selected: [53 43  2 56 17 52  2 39 17 44 23 23 15 59 18 46 16 28 12  3 45 10 46 35
 43 47 32 47 13 24 40 16 12 44 13 44 27 47 51 14 43 52 19 59 24 45  3 21
 13  1  3 42 39 10  1 29 25 58  1]
-------
Generation 6
Individual indices selected: [12 46 56 34 51 28 28 23 38 43 26  4 26 29 22 17 40 36 54 57 40 50 20 18
 25 42 26 17 42 47 28  4 54  6 58 21 20 42  4 45 44 56 42 22  1 47 22 12
 18 42  9 37 21 18 28 54 15  9  3]
-------
Generation 7
Individual indices selected: [12 53 38 10 11 20 41 43 45 11 16 24  1 16 53 34 51  2 13 39 42 19 31 31
 23 57 35  3 31 55  7  0 10  7 27 13 48 16 11 13  8 21  8 39  8 58 55 21
 34  8  9 37 45 26  1  2 13 52 21]
-------
Generation 8
Individual indices selected: [10  7 54 25 57 41 51 39  5 21 47  0 45 53 45  3  1 37 12 27 58 57 30 51
  6 12  6 32  8 23 59 58 54 20 58 16 18 21 56 34 11 41 42 55  4 46 12 13
 30 38  6 37 44 47 57 43 31 25 40]
-------
Generation 9
Individual indices selected: [27 36 20 17  4 47 36 57 52 31 37 52 59 22 58 23 17 28 52 59 39 28  0  0
 53 20 21 37 57 46 39 34 27 19 58  8 11 37 24 17  7 55  4 45  1 12 30 38
 47 52 26 25 47 17 25 53  3 40 34]
-------
Generation 10
Individual indices selected: [20 27 22 27 26 13 32 20 38 52 15 34 24  4 32 24 26 47 40 32 30 32 53 30
 50 19 13 46 52 48  8 28 28 51 42 55 52 27  9 23  3 55  2 44 55 19 45 53
 10 52 56 31  4  2 56 42 56 55 21]
-------
Generation 11
Individual indices selected: [48 28 24 43 39 13 23 57 50 10 24  3 15 42 41  3  7 29 28 36 38 19 38 22
  1 49 24 49 22 18 55  9 18  3 24 11 59 40 36  0 29  0 50 54 30 33 45  2
 52  8  8 54 27 58 30 10  3 59 37]
-------
Generation 12
Individual indices selected: [47  9 21  4 15 30 21  3 20 47 44 52 46 13  2 49 47 12 29  9 46 12  5 38
 58 12  2 19 13 27  9 42 27 39 33 41 16 20 11  5  1 21 19 12 49  2 22 28
 33 26 20 14 16  3 13 28 40 38 19]
-------
Generation 13
Individual indices selected: [ 1 14 48 48 50 38 39 27 52 13 28 31 53 45 14  8 54 24  6 19 19  9 59  9
 55 12 31 27 34 53 33 48 33 20  5 42 16 35 32 14  1 47 47  9 26 47 24  5
 19 57 42 46 34  0 49 56 38 23 38]
-------
Generation 14
Individual indices selected: [26 38 25 45  2 31 17 41 31 22 45  5 58 13  5 38 22 17 33 51  8 25 51 14
 17 13  2 30 22 38 53 57 23 38 52 32 13 22  6 52 37 19 28 51 31 52 25 58
 25 44 14 22 23  2 59 21 52 39 52]
-------
Generation 15
Individual indices selected: [36  4 24 47 30 44 57 39 32 44 53 39 48  2 20 57 27 59 15 10  2 24 11 57
 39 56 54 37 48 29 42 44 37 48 44 18 46  6 56 55 39 58  2 32 59 16  4 56
 13 58 58 29  1  3 32 25  5  3 23]
-------
Generation 16
Individual indices selected: [22 26 46 46 55 20 37 59  5 49 53 11 53 44 11 46 25 59 38 31  8 19 11 25
 43 38 46  5 24 38 28 10 12 18 10 11 28 13  5 44 29 47 42 47 44 51 34 51
 41  5 14 20 53 26 47 52 20 48  3]
-------
Generation 17
Individual indices selected: [25 11 12 20 37 29  3 27 49 34 59  8 23  3 35 50 29 10 43 19 53 33 55  9
 20  9 20 23 28 42  9 38 28  8 57 43 15 33 32 26 49 30 34 56  7  2 11 59
 56 27  0 23 38 15 41 37 19 14  7]
-------
Generation 18
Individual indices selected: [56 14 13 20 37 54 30 33 14 19 23 56 55 16 15 24  6 33 45 12 44 40 36  7
 22 20 14 38 43 57 23 18  1 26 26  2 23 13 55 20 37 47 57 30 50 47  8 42
 33 40 45 23  9  3 20 18  3 42 14]
-------
Generation 19
Individual indices selected: [23 40 30 53 58 33 20  5 30 47 33 33 14 30  1 35  2 56 24 19 52 42 57  8
 32 51 21 53 15 38 15 41 59 58 19 52 55 53 31 11  2 38 36 18  7 47 22  9
 35 41 50  6 49 38 44  0 44 56 49]
-------
Generation 20
Individual indices selected: [33 36 19 23 34 36 20 41 33 13 25 53 41 11  2 58 45 38 38 25 11 28 56 57
 53  7  7 14  4 19 15 13  9 51 43  6  5 21  4 29 26  2 48 17 49 28 44 45
 53 10 36  4  2  1  6 54 54 37 19]
-------
Generation 21
Individual indices selected: [23 26 44 57 23  6 34 33 56 31  8 59 14  1 30 20 42 31 58 44 22 31  9 52
 34 28 41 14 17 53  9 30 46 42 41 54 54 55 13 14 16 17 58 10 15 49 43 41
 57 13  4  4 51 24 32 41  4 27 15]
-------
Generation 22
Individual indices selected: [22 45 16 25 47 47 53 39  8 57  0 59  9 28 24  3 21 10 19  8 23 50 37  7
 54 11 58 58 12  2 34 43 38 41 10 27 31 33 28 23  0 48  8 12 22 10 47 42
 46 45  9  3  7  8 36 35 17 27 50]
-------
Generation 23
Individual indices selected: [57 42 34 57 27 37 58  6 25 33 24 48 15 47 35 41 25 41 50 19 46 27  9 24
 53  8 29 47 33 17 50 39 45 23 46 18 57 14 28 17 27 40 44 22 49 45 44  6
 50 30 11 30 42 47 45 22 26  4 56]
-------
Generation 24
Individual indices selected: [55 29 32 51  6 17 48 48 47 59 14  8  1 43 46 40 30 55 47  7 32  2 42  0
 59 13 41 45 28 24 30 55 52 46 25  3 20 57  1 56 39 16 42 57  0  0 56 50
 48 45 30 20 43 55 21 57 58 23 28]
-------
Generation 25
Individual indices selected: [15  5 32 52 53 52 11 51 27 14 58 39 16 29 59 17 37 24  1 15 17 50 26  0
 34 55 11  5  9 34 12 57 53 18 37 52 41 25 35  6 53  3 11 11 59  0 46 40
 54 57 36 38 48 50 37  5 46 18 40]
-------
Generation 26
Individual indices selected: [11 49 55 25 41 40 40 26 45 46 26 53 16 55 50 24 25 48 18 40 33  9 39  5
 36  8 15 57 21  1 58 11 51 27 31 50 36 43  6 22 40 11 59 58 37 53 22 47
  2 28  6 18 57 59 55  9 31  7 58]
-------
Generation 27
Individual indices selected: [20 59 48 21 18 41 35 31  8 30 40 18 17 32  8 10  5 49  8 53 10 40 50 49
  4 35 34  7 39 14 12 44 55 32 19  1 15 56 16 52 17 48 59 54 53 23  8 33
 17 31 21 54 50 34 38 33 58 34 15]
-------
Generation 28
Individual indices selected: [29 13 43  1 37 44 49 57 41  5 36 40 49 41 37 30  6 37 37 54 34  4 56 57
 18 27 17 26 37 13 22  9 11 58 20 12 34 40 12 21 35 26 20 21 44 55  9 46
 26 34 27 24 18  7 23 55 27  8 10]
-------
Generation 29
Individual indices selected: [38 13 24 46 15 20 58  9 40  7 17 32  6 29 31 38 31 41 38 22 26 11 42  4
  3 49 24 10  4 55 50 31 38 52 59 17 49 46 35 20 46 56 47 17 57 27 51 23
 36 43 58 15 47 45 21 38 51 21 31]
-------
