indiv 0	[0. 1. 0. 0. 1. 0. 0. 0. 0. 0. 1. 1. 0. 0. 1. 1. 1. 0.]
indiv 1	[0. 1. 0. 0. 1. 0. 0. 0. 0. 0. 1. 1. 0. 0. 1. 1. 1. 0.]
indiv 19	[0. 1. 0. 0. 1. 0. 0. 0. 0. 0. 1. 1. 0. 0. 1. 1. 1. 0.]
indiv 33	[0. 1. 0. 0. 1. 0. 0. 0. 0. 0. 1. 1. 0. 0. 1. 1. 1. 0.]
indiv 39	[0. 1. 0. 0. 1. 0. 0. 0. 0. 0. 1. 1. 0. 0. 1. 1. 1. 0.]
indiv 43	[1. 1. 1. 0. 1. 1. 0. 1. 1. 0. 1. 1. 1. 1. 1. 0. 0. 1.]
indiv 50	[0. 1. 0. 0. 1. 0. 0. 0. 0. 0. 1. 1. 0. 0. 1. 1. 1. 0.]
indiv 51	[0. 1. 0. 1. 1. 1. 1. 0. 1. 1. 1. 0. 1. 0. 1. 0. 1. 1.]
indiv 56	[0. 1. 0. 0. 1. 0. 0. 0. 0. 0. 1. 1. 0. 0. 1. 1. 1. 0.]
indiv 0	[1. 0. 1. 1. 0. 0. 0. 0. 0. 0. 1. 1. 1. 0. 1. 1. 0. 1.]
indiv 1	[1. 0. 1. 1. 0. 0. 0. 0. 0. 0. 1. 1. 1. 0. 1. 1. 0. 1.]
indiv 14	[1. 1. 1. 1. 1. 1. 1. 1. 1. 1. 1. 1. 1. 1. 1. 1. 0. 1.]
indiv 18	[0. 1. 0. 1. 1. 0. 0. 1. 0. 0. 0. 1. 0. 1. 1. 0. 0. 1.]
indiv 19	[1. 0. 1. 1. 0. 0. 0. 0. 0. 0. 1. 1. 1. 0. 1. 1. 0. 1.]
indiv 33	[1. 0. 1. 1. 0. 0. 0. 0. 0. 0. 1. 1. 1. 0. 1. 1. 0. 1.]
indiv 39	[1. 0. 1. 1. 0. 0. 0. 0. 0. 0. 1. 1. 1. 0. 1. 1. 0. 1.]
indiv 50	[1. 0. 1. 1. 0. 0. 0. 0. 0. 0. 1. 1. 1. 0. 1. 1. 0. 1.]
indiv 51	[1. 1. 1. 1. 1. 1. 1. 1. 1. 1. 1. 1. 1. 0. 0. 0. 1. 1.]
indiv 54	[1. 1. 1. 1. 1. 1. 1. 1. 1. 1. 1. 1. 1. 1. 1. 0. 0. 1.]
indiv 56	[1. 0. 1. 1. 0. 0. 0. 0. 0. 0. 1. 1. 1. 0. 1. 1. 0. 1.]
indiv 0	[1. 0. 1. 1. 0. 1. 1. 1. 1. 1. 0. 0. 0. 1. 1. 0. 1. 1.]
indiv 1	[1. 0. 1. 1. 0. 1. 1. 1. 1. 1. 0. 0. 0. 1. 1. 0. 1. 1.]
indiv 14	[1. 1. 1. 1. 1. 1. 1. 1. 1. 1. 1. 0. 1. 1. 1. 1. 1. 1.]
indiv 19	[1. 0. 1. 1. 0. 1. 1. 1. 1. 1. 0. 0. 0. 1. 1. 0. 1. 1.]
indiv 22	[1. 1. 1. 1. 0. 1. 1. 1. 1. 1. 1. 1. 1. 1. 1. 1. 1. 1.]
indiv 33	[1. 0. 1. 1. 0. 1. 1. 1. 1. 1. 0. 0. 0. 1. 1. 0. 1. 1.]
indiv 35	[1. 1. 1. 0. 1. 1. 1. 0. 1. 1. 1. 0. 0. 1. 1. 1. 1. 1.]
indiv 39	[1. 0. 1. 1. 0. 1. 1. 1. 1. 1. 0. 0. 0. 1. 1. 0. 1. 1.]
indiv 50	[1. 0. 1. 1. 0. 1. 1. 1. 1. 1. 0. 0. 0. 1. 1. 0. 1. 1.]
indiv 52	[1. 1. 1. 1. 1. 1. 1. 1. 1. 1. 1. 0. 1. 1. 1. 1. 1. 1.]
indiv 53	[0. 0. 1. 1. 1. 0. 1. 1. 1. 1. 1. 1. 1. 1. 1. 1. 1. 1.]
indiv 56	[1. 0. 1. 1. 0. 1. 1. 1. 1. 1. 0. 0. 0. 1. 1. 0. 1. 1.]
indiv 0	[0. 1. 0. 0. 1. 1. 1. 0. 1. 0. 1. 1. 1. 1. 1. 0. 1. 0.]
indiv 1	[0. 1. 0. 0. 1. 1. 1. 0. 1. 0. 1. 1. 1. 1. 1. 0. 1. 0.]
indiv 5	[1. 1. 0. 1. 1. 1. 1. 1. 1. 1. 1. 1. 1. 1. 1. 1. 1. 1.]
indiv 9	[0. 0. 0. 1. 1. 1. 0. 0. 1. 1. 1. 1. 1. 0. 0. 0. 0. 1.]
indiv 19	[0. 1. 0. 0. 1. 1. 1. 0. 1. 0. 1. 1. 1. 1. 1. 0. 1. 0.]
indiv 33	[0. 1. 0. 0. 1. 1. 1. 0. 1. 0. 1. 1. 1. 1. 1. 0. 1. 0.]
indiv 35	[1. 0. 1. 1. 1. 1. 1. 1. 1. 1. 1. 1. 1. 1. 1. 1. 0. 1.]
indiv 39	[0. 1. 0. 0. 1. 1. 1. 0. 1. 0. 1. 1. 1. 1. 1. 0. 1. 0.]
indiv 43	[1. 0. 1. 1. 1. 1. 1. 1. 1. 0. 1. 1. 1. 1. 1. 1. 1. 1.]
indiv 50	[0. 1. 0. 0. 1. 1. 1. 0. 1. 0. 1. 1. 1. 1. 1. 0. 1. 0.]
indiv 51	[1. 1. 1. 1. 1. 1. 1. 0. 1. 1. 0. 1. 1. 0. 1. 1. 0. 1.]
indiv 53	[1. 0. 1. 1. 1. 1. 0. 1. 0. 0. 1. 1. 0. 0. 0. 0. 1. 1.]
indiv 56	[0. 1. 0. 0. 1. 1. 1. 0. 1. 0. 1. 1. 1. 1. 1. 0. 1. 0.]
indiv 0	[1. 1. 0. 1. 1. 1. 1. 1. 1. 0. 1. 0. 0. 0. 0. 1. 1.]
indiv 1	[1. 1. 0. 1. 1. 1. 1. 1. 1. 0. 1. 0. 0. 0. 0. 1. 1.]
indiv 14	[1. 0. 1. 1. 1. 0. 0. 1. 1. 1. 1. 0. 1. 1. 1. 1. 1.]
indiv 19	[1. 1. 0. 1. 1. 1. 1. 1. 1. 0. 1. 0. 0. 0. 0. 1. 1.]
indiv 33	[1. 1. 0. 1. 1. 1. 1. 1. 1. 0. 1. 0. 0. 0. 0. 1. 1.]
indiv 39	[1. 1. 0. 1. 1. 1. 1. 1. 1. 0. 1. 0. 0. 0. 0. 1. 1.]
indiv 43	[1. 0. 1. 1. 1. 1. 0. 1. 1. 1. 1. 1. 1. 1. 1. 1. 1.]
indiv 50	[1. 1. 0. 1. 1. 1. 1. 1. 1. 0. 1. 0. 0. 0. 0. 1. 1.]
indiv 51	[1. 1. 1. 1. 1. 1. 1. 0. 1. 0. 0. 0. 1. 0. 1. 0. 0.]
indiv 52	[1. 1. 1. 1. 1. 1. 1. 1. 1. 1. 1. 0. 1. 1. 1. 1. 1.]
indiv 54	[1. 1. 0. 0. 0. 1. 1. 1. 1. 0. 1. 0. 0. 1. 0. 1. 1.]
indiv 56	[1. 1. 0. 1. 1. 1. 1. 1. 1. 0. 1. 0. 0. 0. 0. 1. 1.]
indiv 0	[0. 0. 1. 1. 1. 1. 1. 1. 1. 0. 1. 1. 0. 0. 1. 1. 0. 1.]
indiv 0	[0. 0. 1. 1. 1. 1. 1. 1. 1. 0. 1. 1. 0. 0. 1. 1. 0. 1.]
indiv 0	[0. 0. 1. 1. 1. 1. 1. 1. 1. 0. 1. 1. 0. 0. 1. 1. 0. 1.]
indiv 0	[0. 0. 1. 1. 1. 1. 1. 1. 1. 0. 1. 1. 0. 0. 1. 1. 0. 1.]
indiv 0	[0. 0. 1. 1. 1. 1. 1. 1. 1. 0. 1. 1. 0. 0. 1. 1. 0. 1.]
indiv 0	[0. 0. 1. 1. 1. 1. 1. 1. 1. 0. 1. 1. 0. 0. 1. 1. 0. 1.]
indiv 0	[0. 0. 1. 1. 1. 1. 1. 1. 1. 0. 1. 1. 0. 0. 1. 1. 0. 1.]
indiv 52	[1. 1. 1. 1. 0. 1. 1. 1. 1. 1. 1. 1. 1. 1. 1. 1. 1. 1.]
indiv 0	[0. 0. 1. 1. 1. 1. 1. 1. 1. 0. 1. 1. 0. 0. 1. 1. 0. 1.]
indiv 0	[0. 0. 1. 1. 1. 1. 1. 1. 1. 0. 1. 1. 0. 0. 1. 1. 0. 1.]
indiv 0	[1. 0. 0. 0. 1. 0. 0. 0. 0. 1. 0. 1. 1. 1. 1. 1. 0. 0.]
indiv 0	[1. 0. 0. 0. 1. 0. 0. 0. 0. 1. 0. 1. 1. 1. 1. 1. 0. 0.]
indiv 0	[1. 0. 0. 0. 1. 0. 0. 0. 0. 1. 0. 1. 1. 1. 1. 1. 0. 0.]
indiv 0	[1. 0. 0. 0. 1. 0. 0. 0. 0. 1. 0. 1. 1. 1. 1. 1. 0. 0.]
indiv 0	[1. 0. 0. 0. 1. 0. 0. 0. 0. 1. 0. 1. 1. 1. 1. 1. 0. 0.]
indiv 0	[1. 0. 0. 0. 1. 0. 0. 0. 0. 1. 0. 1. 1. 1. 1. 1. 0. 0.]
indiv 0	[1. 0. 0. 0. 1. 0. 0. 0. 0. 1. 0. 1. 1. 1. 1. 1. 0. 0.]
indiv 0	[1. 0. 0. 0. 1. 0. 0. 0. 0. 1. 0. 1. 1. 1. 1. 1. 0. 0.]
indiv 0	[1. 0. 0. 0. 1. 0. 0. 0. 0. 1. 0. 1. 1. 1. 1. 1. 0. 0.]
indiv 0	[0. 1. 1. 0. 1. 1. 1. 1. 1. 1. 1. 0. 0. 1. 0. 0. 0. 1.]
indiv 0	[0. 1. 1. 0. 1. 1. 1. 1. 1. 1. 1. 0. 0. 1. 0. 0. 0. 1.]
indiv 0	[0. 1. 1. 0. 1. 1. 1. 1. 1. 1. 1. 0. 0. 1. 0. 0. 0. 1.]
indiv 0	[0. 1. 1. 0. 1. 1. 1. 1. 1. 1. 1. 0. 0. 1. 0. 0. 0. 1.]
indiv 0	[0. 1. 1. 0. 1. 1. 1. 1. 1. 1. 1. 0. 0. 1. 0. 0. 0. 1.]
indiv 0	[0. 1. 1. 0. 1. 1. 1. 1. 1. 1. 1. 0. 0. 1. 0. 0. 0. 1.]
indiv 0	[0. 1. 1. 0. 1. 1. 1. 1. 1. 1. 1. 0. 0. 1. 0. 0. 0. 1.]
indiv 0	[0. 1. 1. 0. 1. 1. 1. 1. 1. 1. 1. 0. 0. 1. 0. 0. 0. 1.]
indiv 0	[0. 1. 1. 0. 1. 1. 1. 1. 1. 1. 1. 0. 0. 1. 0. 0. 0. 1.]
indiv 0	[0. 1. 1. 1. 1. 1. 0. 0. 1. 0. 1. 0. 0. 1. 0. 1. 1. 1.]
indiv 0	[0. 1. 1. 1. 1. 1. 0. 0. 1. 0. 1. 0. 0. 1. 0. 1. 1. 1.]
indiv 0	[0. 1. 1. 1. 1. 1. 0. 0. 1. 0. 1. 0. 0. 1. 0. 1. 1. 1.]
indiv 0	[0. 1. 1. 1. 1. 1. 0. 0. 1. 0. 1. 0. 0. 1. 0. 1. 1. 1.]
indiv 0	[0. 1. 1. 1. 1. 1. 0. 0. 1. 0. 1. 0. 0. 1. 0. 1. 1. 1.]
indiv 0	[0. 1. 1. 1. 1. 1. 0. 0. 1. 0. 1. 0. 0. 1. 0. 1. 1. 1.]
indiv 0	[0. 1. 1. 1. 1. 1. 0. 0. 1. 0. 1. 0. 0. 1. 0. 1. 1. 1.]
indiv 0	[0. 1. 1. 1. 1. 1. 0. 0. 1. 0. 1. 0. 0. 1. 0. 1. 1. 1.]
indiv 0	[0. 1. 1. 1. 1. 1. 0. 0. 1. 0. 1. 0. 0. 1. 0. 1. 1. 1.]
indiv 0	[1. 1. 1. 0. 1. 0. 1. 0. 1. 1. 0. 0. 1. 0. 1. 1. 1.]
indiv 0	[1. 1. 1. 0. 1. 0. 1. 0. 1. 1. 0. 0. 1. 0. 1. 1. 1.]
indiv 0	[1. 1. 1. 0. 1. 0. 1. 0. 1. 1. 0. 0. 1. 0. 1. 1. 1.]
indiv 0	[1. 1. 1. 0. 1. 0. 1. 0. 1. 1. 0. 0. 1. 0. 1. 1. 1.]
indiv 0	[1. 1. 1. 0. 1. 0. 1. 0. 1. 1. 0. 0. 1. 0. 1. 1. 1.]
indiv 0	[1. 1. 1. 0. 1. 0. 1. 0. 1. 1. 0. 0. 1. 0. 1. 1. 1.]
indiv 0	[1. 1. 1. 0. 1. 0. 1. 0. 1. 1. 0. 0. 1. 0. 1. 1. 1.]
indiv 0	[1. 1. 1. 0. 1. 0. 1. 0. 1. 1. 0. 0. 1. 0. 1. 1. 1.]
indiv 0	[1. 1. 1. 0. 1. 0. 1. 0. 1. 1. 0. 0. 1. 0. 1. 1. 1.]
