indiv 0	[0.5       0.5049346 0.5       0.5       0.5049346 0.5       0.5
 0.5       0.5       0.5       0.5049346 0.5049346 0.5       0.5
 0.5049346 0.5049346 0.5049346 0.5      ]
indiv 1	[0.5       0.5049346 0.5       0.5       0.5049346 0.5       0.5
 0.5       0.5       0.5       0.5049346 0.5049346 0.5       0.5
 0.5049346 0.5049346 0.5049346 0.5      ]
indiv 19	[0.5       0.5049346 0.5       0.5       0.5049346 0.5       0.5
 0.5       0.5       0.5       0.5049346 0.5049346 0.5       0.5
 0.5049346 0.5049346 0.5049346 0.5      ]
indiv 33	[0.5       0.5049346 0.5       0.5       0.5049346 0.5       0.5
 0.5       0.5       0.5       0.5049346 0.5049346 0.5       0.5
 0.5049346 0.5049346 0.5049346 0.5      ]
indiv 39	[0.5       0.5049346 0.5       0.5       0.5049346 0.5       0.5
 0.5       0.5       0.5       0.5049346 0.5049346 0.5       0.5
 0.5049346 0.5049346 0.5049346 0.5      ]
indiv 43	[0.5731879 0.5731879 0.5731879 0.5       0.5731879 0.5731879 0.5
 0.5731879 0.5731879 0.5       0.5731879 0.5731879 0.5731879 0.5731879
 0.5731879 0.5       0.5       0.5731879]
indiv 50	[0.5       0.5049346 0.5       0.5       0.5049346 0.5       0.5
 0.5       0.5       0.5       0.5049346 0.5049346 0.5       0.5
 0.5049346 0.5049346 0.5049346 0.5      ]
indiv 51	[0.5      0.525891 0.5      0.525891 0.525891 0.525891 0.525891 0.5
 0.525891 0.525891 0.525891 0.5      0.525891 0.5      0.525891 0.5
 0.525891 0.525891]
indiv 56	[0.5       0.5017323 0.5       0.5       0.5017323 0.5       0.5
 0.5       0.5       0.5       0.5017323 0.5017323 0.5       0.5
 0.5017323 0.5017323 0.5017323 0.5      ]
indiv 0	[0.50533223 0.5        0.50533223 0.50533223 0.5        0.5
 0.5        0.5        0.5        0.5        0.50533223 0.50533223
 0.50533223 0.5        0.50533223 0.50533223 0.5        0.50533223]
indiv 1	[0.50533223 0.5        0.50533223 0.50533223 0.5        0.5
 0.5        0.5        0.5        0.5        0.50533223 0.50533223
 0.50533223 0.5        0.50533223 0.50533223 0.5        0.50533223]
indiv 14	[0.79178244 0.89717376 0.8846839  0.9584862  0.8694334  0.9453652
 0.9178536  0.88086754 0.81647766 0.8956228  0.8812995  0.76797163
 0.6518247  0.83103025 0.88162535 0.77193904 0.45158857 0.9447683 ]
indiv 18	[0.5       0.5038323 0.5       0.5038323 0.5038323 0.5       0.5
 0.5038323 0.5       0.5       0.5       0.5038323 0.5       0.5038323
 0.5038323 0.5       0.5       0.5038323]
indiv 19	[0.50533223 0.5        0.50533223 0.50533223 0.5        0.5
 0.5        0.5        0.5        0.5        0.50533223 0.50533223
 0.50533223 0.5        0.50533223 0.50533223 0.5        0.50533223]
indiv 33	[0.50533223 0.5        0.50533223 0.50533223 0.5        0.5
 0.5        0.5        0.5        0.5        0.50533223 0.50533223
 0.50533223 0.5        0.50533223 0.50533223 0.5        0.50533223]
indiv 39	[0.50533223 0.5        0.50533223 0.50533223 0.5        0.5
 0.5        0.5        0.5        0.5        0.50533223 0.50533223
 0.50533223 0.5        0.50533223 0.50533223 0.5        0.50533223]
indiv 50	[0.50533223 0.5        0.50533223 0.50533223 0.5        0.5
 0.5        0.5        0.5        0.5        0.50533223 0.50533223
 0.50533223 0.5        0.50533223 0.50533223 0.5        0.50533223]
indiv 51	[0.525891 0.525891 0.525891 0.525891 0.525891 0.525891 0.525891 0.525891
 0.525891 0.525891 0.525891 0.525891 0.525891 0.5      0.5      0.5
 0.525891 0.525891]
indiv 54	[0.6565699  0.6565699  0.6565699  0.6565699  0.6565699  0.6565699
 0.62655836 0.6565699  0.6565699  0.6565699  0.6565699  0.6565699
 0.6565699  0.6565699  0.6565699  0.5        0.5        0.6565699 ]
indiv 56	[0.5018719 0.5       0.5018719 0.5018719 0.5       0.5       0.5
 0.5       0.5       0.5       0.5018719 0.5018719 0.5018719 0.5
 0.5018719 0.5018719 0.5       0.5018719]
indiv 0	[0.50513774 0.5        0.50513774 0.50513774 0.5        0.50513774
 0.50513774 0.50513774 0.50513774 0.50513774 0.5        0.5
 0.5        0.50513774 0.50513774 0.5        0.50513774 0.50513774]
indiv 1	[0.50513774 0.5        0.50513774 0.50513774 0.5        0.50513774
 0.50513774 0.50513774 0.50513774 0.50513774 0.5        0.5
 0.5        0.50513774 0.50513774 0.5        0.50513774 0.50513774]
indiv 14	[0.8459031  0.726748   0.9534925  0.8007272  0.9084435  0.8544142
 0.9534925  0.7032173  0.7577687  0.94564193 0.65535426 0.43315616
 0.816893   0.91996986 0.9460921  0.82714945 0.7531439  0.8630898 ]
indiv 19	[0.50513774 0.5        0.50513774 0.50513774 0.5        0.50513774
 0.50513774 0.50513774 0.50513774 0.50513774 0.5        0.5
 0.5        0.50513774 0.50513774 0.5        0.50513774 0.50513774]
indiv 22	[0.8215065  0.91684675 0.91684675 0.7065281  0.47906628 0.92336375
 0.8587045  0.67822665 0.8069036  0.7065281  0.8069036  0.8215065
 0.72457665 0.8069036  0.8137048  0.6989297  0.8215065  0.7172586 ]
indiv 33	[0.50513774 0.5        0.50513774 0.50513774 0.5        0.50513774
 0.50513774 0.50513774 0.50513774 0.50513774 0.5        0.5
 0.5        0.50513774 0.50513774 0.5        0.50513774 0.50513774]
indiv 35	[0.5032402 0.5032402 0.5032402 0.5       0.5032402 0.5032402 0.5032402
 0.5       0.5032402 0.5032402 0.5032402 0.5       0.5       0.5032402
 0.5032402 0.5032402 0.5032402 0.5032402]
indiv 39	[0.50513774 0.5        0.50513774 0.50513774 0.5        0.50513774
 0.50513774 0.50513774 0.50513774 0.50513774 0.5        0.5
 0.5        0.50513774 0.50513774 0.5        0.50513774 0.50513774]
indiv 50	[0.50513774 0.5        0.50513774 0.50513774 0.5        0.50513774
 0.50513774 0.50513774 0.50513774 0.50513774 0.5        0.5
 0.5        0.50513774 0.50513774 0.5        0.50513774 0.50513774]
indiv 52	[0.93406135 0.9020638  0.8904864  0.70562106 0.9005575  0.9449365
 0.9090903  0.8692147  0.87013257 0.9490608  0.6817035  0.4935883
 0.66914713 0.6593729  0.9498733  0.7824274  0.9276859  0.9020638 ]
indiv 53	[0.5      0.5      0.506456 0.506456 0.506456 0.5      0.506456 0.506456
 0.506456 0.506456 0.506456 0.506456 0.506456 0.506456 0.506456 0.506456
 0.506456 0.506456]
indiv 56	[0.50180364 0.5        0.50180364 0.50180364 0.5        0.50180364
 0.50180364 0.50180364 0.50180364 0.50180364 0.5        0.5
 0.5        0.50180364 0.50180364 0.5        0.50180364 0.50180364]
indiv 0	[0.5       0.5051543 0.5       0.5       0.5051543 0.5051543 0.5051543
 0.5       0.5051543 0.5       0.5051543 0.5051543 0.5051543 0.5051543
 0.5051543 0.5       0.5051543 0.5      ]
indiv 1	[0.5       0.5051543 0.5       0.5       0.5051543 0.5051543 0.5051543
 0.5       0.5051543 0.5       0.5051543 0.5051543 0.5051543 0.5051543
 0.5051543 0.5       0.5051543 0.5      ]
indiv 5	[0.91692317 0.81911534 0.45116323 0.9677756  0.8159378  0.7118654
 0.8935003  0.74636084 0.7688699  0.6373775  0.608728   0.5924191
 0.8159378  0.8889748  0.8387888  0.86286217 0.9520548  0.61964655]
indiv 9	[0.5      0.5      0.5      0.539484 0.539484 0.539484 0.5      0.5
 0.539484 0.539484 0.539484 0.539484 0.539484 0.5      0.5      0.5
 0.5      0.539484]
indiv 19	[0.5       0.5051543 0.5       0.5       0.5051543 0.5051543 0.5051543
 0.5       0.5051543 0.5       0.5051543 0.5051543 0.5051543 0.5051543
 0.5051543 0.5       0.5051543 0.5      ]
indiv 33	[0.5       0.5051543 0.5       0.5       0.5051543 0.5051543 0.5051543
 0.5       0.5051543 0.5       0.5051543 0.5051543 0.5051543 0.5051543
 0.5051543 0.5       0.5051543 0.5      ]
indiv 35	[0.50329685 0.5        0.50329685 0.50329685 0.50329685 0.50329685
 0.50329685 0.50329685 0.50329685 0.50329685 0.50329685 0.50329685
 0.50329685 0.50329685 0.50329685 0.50329685 0.5        0.50329685]
indiv 39	[0.5       0.5051543 0.5       0.5       0.5051543 0.5051543 0.5051543
 0.5       0.5051543 0.5       0.5051543 0.5051543 0.5051543 0.5051543
 0.5051543 0.5       0.5051543 0.5      ]
indiv 43	[0.58912    0.5        0.58912    0.58912    0.58912    0.5326202
 0.55716455 0.55716455 0.55716455 0.5        0.58912    0.58912
 0.55716455 0.55716455 0.55716455 0.55716455 0.58912    0.58912   ]
indiv 50	[0.5       0.5051543 0.5       0.5       0.5051543 0.5051543 0.5051543
 0.5       0.5051543 0.5       0.5051543 0.5051543 0.5051543 0.5051543
 0.5051543 0.5       0.5051543 0.5      ]
indiv 51	[0.52764726 0.5241279  0.52764726 0.52764726 0.52764726 0.52764726
 0.52764726 0.5        0.5241279  0.5241279  0.5        0.5241279
 0.5241279  0.5        0.52764726 0.52764726 0.5        0.52764726]
indiv 53	[0.50851315 0.5        0.50851315 0.50851315 0.50851315 0.50851315
 0.5        0.50851315 0.5        0.5        0.50851315 0.50851315
 0.5        0.5        0.5        0.5        0.50851315 0.50851315]
indiv 56	[0.5       0.5018094 0.5       0.5       0.5018094 0.5018094 0.5018094
 0.5       0.5018094 0.5       0.5018094 0.5018094 0.5018094 0.5018094
 0.5018094 0.5       0.5018094 0.5      ]
indiv 0	[0.504837 0.504837 0.5      0.504837 0.504837 0.504837 0.504837 0.504837
 0.504837 0.5      0.504837 0.5      0.5      0.5      0.5      0.504837
 0.504837]
indiv 1	[0.504837 0.504837 0.5      0.504837 0.504837 0.504837 0.504837 0.504837
 0.504837 0.5      0.504837 0.5      0.5      0.5      0.5      0.504837
 0.504837]
indiv 14	[0.81539196 0.36124763 0.80784386 0.7947535  0.668485   0.3595704
 0.38491124 0.8795822  0.81221473 0.7989986  0.75835127 0.37256798
 0.87945366 0.61415195 0.5361363  0.9646663  0.7840172 ]
indiv 19	[0.504837 0.504837 0.5      0.504837 0.504837 0.504837 0.504837 0.504837
 0.504837 0.5      0.504837 0.5      0.5      0.5      0.5      0.504837
 0.504837]
indiv 33	[0.504837 0.504837 0.5      0.504837 0.504837 0.504837 0.504837 0.504837
 0.504837 0.5      0.504837 0.5      0.5      0.5      0.5      0.504837
 0.504837]
indiv 39	[0.504837 0.504837 0.5      0.504837 0.504837 0.504837 0.504837 0.504837
 0.504837 0.5      0.504837 0.5      0.5      0.5      0.5      0.504837
 0.504837]
indiv 43	[0.5804042 0.5       0.5804042 0.5804042 0.5476893 0.5804042 0.5
 0.5804042 0.5804042 0.5476893 0.5804042 0.5804042 0.5804042 0.5804042
 0.5804042 0.5804042 0.5804042]
indiv 50	[0.504837 0.504837 0.5      0.504837 0.504837 0.504837 0.504837 0.504837
 0.504837 0.5      0.504837 0.5      0.5      0.5      0.5      0.504837
 0.504837]
indiv 51	[0.52764726 0.5241279  0.52764726 0.5241279  0.52764726 0.5241279
 0.5241279  0.5        0.5241279  0.5        0.5        0.5
 0.5241279  0.5        0.5241279  0.5        0.5       ]
indiv 52	[0.91757154 0.7599755  0.6175492  0.9272221  0.8954591  0.5543149
 0.7596809  0.8675561  0.8930502  0.69375706 0.8516442  0.49971074
 0.83202785 0.83202785 0.59426713 0.91757154 0.8729022 ]
indiv 54	[0.65541947 0.65541947 0.5        0.5        0.5        0.65541947
 0.65541947 0.65541947 0.65541947 0.5        0.65541947 0.5
 0.5        0.65541947 0.5        0.65541947 0.65541947]
indiv 56	[0.501698 0.501698 0.5      0.501698 0.501698 0.501698 0.501698 0.501698
 0.501698 0.5      0.501698 0.5      0.5      0.5      0.5      0.501698
 0.501698]
indiv 0	[0.5        0.5        0.50513774 0.50513774 0.50513774 0.50513774
 0.50513774 0.50513774 0.50513774 0.5        0.50513774 0.50513774
 0.5        0.5        0.50513774 0.50513774 0.5        0.50513774]
indiv 0	[0.5        0.5        0.50513774 0.50513774 0.50513774 0.50513774
 0.50513774 0.50513774 0.50513774 0.5        0.50513774 0.50513774
 0.5        0.5        0.50513774 0.50513774 0.5        0.50513774]
indiv 0	[0.5        0.5        0.50513774 0.50513774 0.50513774 0.50513774
 0.50513774 0.50513774 0.50513774 0.5        0.50513774 0.50513774
 0.5        0.5        0.50513774 0.50513774 0.5        0.50513774]
indiv 0	[0.5        0.5        0.50513774 0.50513774 0.50513774 0.50513774
 0.50513774 0.50513774 0.50513774 0.5        0.50513774 0.50513774
 0.5        0.5        0.50513774 0.50513774 0.5        0.50513774]
indiv 0	[0.5        0.5        0.50513774 0.50513774 0.50513774 0.50513774
 0.50513774 0.50513774 0.50513774 0.5        0.50513774 0.50513774
 0.5        0.5        0.50513774 0.50513774 0.5        0.50513774]
indiv 0	[0.5        0.5        0.50513774 0.50513774 0.50513774 0.50513774
 0.50513774 0.50513774 0.50513774 0.5        0.50513774 0.50513774
 0.5        0.5        0.50513774 0.50513774 0.5        0.50513774]
indiv 0	[0.5        0.5        0.50513774 0.50513774 0.50513774 0.50513774
 0.50513774 0.50513774 0.50513774 0.5        0.50513774 0.50513774
 0.5        0.5        0.50513774 0.50513774 0.5        0.50513774]
indiv 52	[0.5663388  0.8844143  0.946257   0.92203945 0.4685635  0.8944126
 0.8980455  0.7668723  0.9503853  0.835277   0.736929   0.64588094
 0.90989274 0.5644987  0.8821358  0.94664216 0.8779734  0.90989274]
indiv 0	[0.5        0.5        0.50513774 0.50513774 0.50513774 0.50513774
 0.50513774 0.50513774 0.50513774 0.5        0.50513774 0.50513774
 0.5        0.5        0.50513774 0.50513774 0.5        0.50513774]
indiv 0	[0.5        0.5        0.50513774 0.50513774 0.50513774 0.50513774
 0.50513774 0.50513774 0.50513774 0.5        0.50513774 0.50513774
 0.5        0.5        0.50513774 0.50513774 0.5        0.50513774]
indiv 0	[0.5057688 0.5       0.5       0.5       0.5057688 0.5       0.5
 0.5       0.5       0.5057688 0.5       0.5057688 0.5057688 0.5057688
 0.5057688 0.5057688 0.5       0.5      ]
indiv 0	[0.5057688 0.5       0.5       0.5       0.5057688 0.5       0.5
 0.5       0.5       0.5057688 0.5       0.5057688 0.5057688 0.5057688
 0.5057688 0.5057688 0.5       0.5      ]
indiv 0	[0.5057688 0.5       0.5       0.5       0.5057688 0.5       0.5
 0.5       0.5       0.5057688 0.5       0.5057688 0.5057688 0.5057688
 0.5057688 0.5057688 0.5       0.5      ]
indiv 0	[0.5057688 0.5       0.5       0.5       0.5057688 0.5       0.5
 0.5       0.5       0.5057688 0.5       0.5057688 0.5057688 0.5057688
 0.5057688 0.5057688 0.5       0.5      ]
indiv 0	[0.5057688 0.5       0.5       0.5       0.5057688 0.5       0.5
 0.5       0.5       0.5057688 0.5       0.5057688 0.5057688 0.5057688
 0.5057688 0.5057688 0.5       0.5      ]
indiv 0	[0.5057688 0.5       0.5       0.5       0.5057688 0.5       0.5
 0.5       0.5       0.5057688 0.5       0.5057688 0.5057688 0.5057688
 0.5057688 0.5057688 0.5       0.5      ]
indiv 0	[0.5057688 0.5       0.5       0.5       0.5057688 0.5       0.5
 0.5       0.5       0.5057688 0.5       0.5057688 0.5057688 0.5057688
 0.5057688 0.5057688 0.5       0.5      ]
indiv 0	[0.5057688 0.5       0.5       0.5       0.5057688 0.5       0.5
 0.5       0.5       0.5057688 0.5       0.5057688 0.5057688 0.5057688
 0.5057688 0.5057688 0.5       0.5      ]
indiv 0	[0.5057688 0.5       0.5       0.5       0.5057688 0.5       0.5
 0.5       0.5       0.5057688 0.5       0.5057688 0.5057688 0.5057688
 0.5057688 0.5057688 0.5       0.5      ]
indiv 0	[0.5        0.50533223 0.50533223 0.5        0.50533223 0.50533223
 0.50533223 0.50533223 0.50533223 0.50533223 0.50533223 0.5
 0.5        0.50533223 0.5        0.5        0.5        0.50533223]
indiv 0	[0.5        0.50533223 0.50533223 0.5        0.50533223 0.50533223
 0.50533223 0.50533223 0.50533223 0.50533223 0.50533223 0.5
 0.5        0.50533223 0.5        0.5        0.5        0.50533223]
indiv 0	[0.5        0.50533223 0.50533223 0.5        0.50533223 0.50533223
 0.50533223 0.50533223 0.50533223 0.50533223 0.50533223 0.5
 0.5        0.50533223 0.5        0.5        0.5        0.50533223]
indiv 0	[0.5        0.50533223 0.50533223 0.5        0.50533223 0.50533223
 0.50533223 0.50533223 0.50533223 0.50533223 0.50533223 0.5
 0.5        0.50533223 0.5        0.5        0.5        0.50533223]
indiv 0	[0.5        0.50533223 0.50533223 0.5        0.50533223 0.50533223
 0.50533223 0.50533223 0.50533223 0.50533223 0.50533223 0.5
 0.5        0.50533223 0.5        0.5        0.5        0.50533223]
indiv 0	[0.5        0.50533223 0.50533223 0.5        0.50533223 0.50533223
 0.50533223 0.50533223 0.50533223 0.50533223 0.50533223 0.5
 0.5        0.50533223 0.5        0.5        0.5        0.50533223]
indiv 0	[0.5        0.50533223 0.50533223 0.5        0.50533223 0.50533223
 0.50533223 0.50533223 0.50533223 0.50533223 0.50533223 0.5
 0.5        0.50533223 0.5        0.5        0.5        0.50533223]
indiv 0	[0.5        0.50533223 0.50533223 0.5        0.50533223 0.50533223
 0.50533223 0.50533223 0.50533223 0.50533223 0.50533223 0.5
 0.5        0.50533223 0.5        0.5        0.5        0.50533223]
indiv 0	[0.5        0.50533223 0.50533223 0.5        0.50533223 0.50533223
 0.50533223 0.50533223 0.50533223 0.50533223 0.50533223 0.5
 0.5        0.50533223 0.5        0.5        0.5        0.50533223]
indiv 0	[0.5        0.50533223 0.50533223 0.50533223 0.50533223 0.50533223
 0.5        0.5        0.50533223 0.5        0.50533223 0.5
 0.5        0.50533223 0.5        0.50533223 0.50533223 0.50533223]
indiv 0	[0.5        0.50533223 0.50533223 0.50533223 0.50533223 0.50533223
 0.5        0.5        0.50533223 0.5        0.50533223 0.5
 0.5        0.50533223 0.5        0.50533223 0.50533223 0.50533223]
indiv 0	[0.5        0.50533223 0.50533223 0.50533223 0.50533223 0.50533223
 0.5        0.5        0.50533223 0.5        0.50533223 0.5
 0.5        0.50533223 0.5        0.50533223 0.50533223 0.50533223]
indiv 0	[0.5        0.50533223 0.50533223 0.50533223 0.50533223 0.50533223
 0.5        0.5        0.50533223 0.5        0.50533223 0.5
 0.5        0.50533223 0.5        0.50533223 0.50533223 0.50533223]
indiv 0	[0.5        0.50533223 0.50533223 0.50533223 0.50533223 0.50533223
 0.5        0.5        0.50533223 0.5        0.50533223 0.5
 0.5        0.50533223 0.5        0.50533223 0.50533223 0.50533223]
indiv 0	[0.5        0.50533223 0.50533223 0.50533223 0.50533223 0.50533223
 0.5        0.5        0.50533223 0.5        0.50533223 0.5
 0.5        0.50533223 0.5        0.50533223 0.50533223 0.50533223]
indiv 0	[0.5        0.50533223 0.50533223 0.50533223 0.50533223 0.50533223
 0.5        0.5        0.50533223 0.5        0.50533223 0.5
 0.5        0.50533223 0.5        0.50533223 0.50533223 0.50533223]
indiv 0	[0.5        0.50533223 0.50533223 0.50533223 0.50533223 0.50533223
 0.5        0.5        0.50533223 0.5        0.50533223 0.5
 0.5        0.50533223 0.5        0.50533223 0.50533223 0.50533223]
indiv 0	[0.5        0.50533223 0.50533223 0.50533223 0.50533223 0.50533223
 0.5        0.5        0.50533223 0.5        0.50533223 0.5
 0.5        0.50533223 0.5        0.50533223 0.50533223 0.50533223]
indiv 0	[0.50426245 0.50426245 0.50426245 0.5        0.50426245 0.5
 0.50426245 0.5        0.50426245 0.50426245 0.5        0.5
 0.50426245 0.5        0.50426245 0.50426245 0.50426245]
indiv 0	[0.50426245 0.50426245 0.50426245 0.5        0.50426245 0.5
 0.50426245 0.5        0.50426245 0.50426245 0.5        0.5
 0.50426245 0.5        0.50426245 0.50426245 0.50426245]
indiv 0	[0.50426245 0.50426245 0.50426245 0.5        0.50426245 0.5
 0.50426245 0.5        0.50426245 0.50426245 0.5        0.5
 0.50426245 0.5        0.50426245 0.50426245 0.50426245]
indiv 0	[0.50426245 0.50426245 0.50426245 0.5        0.50426245 0.5
 0.50426245 0.5        0.50426245 0.50426245 0.5        0.5
 0.50426245 0.5        0.50426245 0.50426245 0.50426245]
indiv 0	[0.50426245 0.50426245 0.50426245 0.5        0.50426245 0.5
 0.50426245 0.5        0.50426245 0.50426245 0.5        0.5
 0.50426245 0.5        0.50426245 0.50426245 0.50426245]
indiv 0	[0.50426245 0.50426245 0.50426245 0.5        0.50426245 0.5
 0.50426245 0.5        0.50426245 0.50426245 0.5        0.5
 0.50426245 0.5        0.50426245 0.50426245 0.50426245]
indiv 0	[0.50426245 0.50426245 0.50426245 0.5        0.50426245 0.5
 0.50426245 0.5        0.50426245 0.50426245 0.5        0.5
 0.50426245 0.5        0.50426245 0.50426245 0.50426245]
indiv 0	[0.50426245 0.50426245 0.50426245 0.5        0.50426245 0.5
 0.50426245 0.5        0.50426245 0.50426245 0.5        0.5
 0.50426245 0.5        0.50426245 0.50426245 0.50426245]
indiv 0	[0.50426245 0.50426245 0.50426245 0.5        0.50426245 0.5
 0.50426245 0.5        0.50426245 0.50426245 0.5        0.5
 0.50426245 0.5        0.50426245 0.50426245 0.50426245]
